#{"t_start": 1673788239.3319242, "env_id": "sokoban-turtle-v0"}
r,l,t
5.0,65,2.445097
-37.0,61,2.9785
17.0,59,3.446792
9.0,52,3.809129
-17.0,49,4.264464
-11.0,57,4.826645
-15.0,75,5.42029
-6.0,58,5.910085
-14.0,64,6.415849
-1.0,66,6.962166
2.0,54,7.408843
-6.0,63,7.889328
13.0,66,8.361967
-4.0,53,8.751279
12.0,62,9.180244
-5.0,61,9.619896
-31.0,66,16.26726
-14.0,72,16.830407
-23.0,78,17.398215
-1.0,81,17.992123
-25.0,71,18.496668
-16.0,66,18.992906
-10.0,65,19.466472
-21.0,74,20.040445
-16.0,85,20.64265
-15.0,62,21.152915
-5.0,76,21.769936
10.0,50,22.180754
-11.0,56,22.569667
-2.0,58,23.035467
-28.0,80,29.946392
4.0,72,268.834454
5.0,68,269.456577
14.0,83,270.254001
4.0,59,270.776562
-12.0,56,271.282638
-3.0,60,271.792368
-19.0,61,272.323751
-10.0,64,272.904665
-12.0,76,273.578747
1.0,70,274.277027
-1.0,58,274.800238
-5.0,80,275.37785
17.0,71,275.914758
1.0,68,276.597888
17.0,70,283.502244
3.0,65,283.961713
-35.0,66,284.437837
-6.0,52,284.837724
-1.0,51,285.334384
-4.0,80,286.002722
2.0,77,286.641379
15.0,77,287.354171
22.0,58,287.847241
9.0,71,288.497631
8.0,82,289.137352
12.0,78,289.717886
8.0,55,290.15734
0.0,54,290.567897
17.0,79,291.183977
2.0,49,297.551923
-8.0,63,298.004054
-11.0,71,543.831463
10.0,76,544.549835
18.0,74,545.182257
0.0,70,545.797479
22.0,57,546.289427
8.0,61,546.845875
0.0,62,547.41621
-1.0,85,548.224275
-2.0,54,548.678138
17.0,75,549.338546
15.0,66,549.920755
15.0,70,550.629524
7.0,75,551.354083
2.0,58,558.943161
9.0,69,559.524996
1.0,51,559.967186
3.0,72,560.580265
8.0,68,561.231729
15.0,55,561.72841
19.0,58,562.229034
3.0,68,562.806788
-5.0,68,563.380318
20.0,80,564.082208
-7.0,62,564.593905
-7.0,75,565.355739
2.0,70,565.871985
3.0,80,566.599071
1.0,78,567.273084
12.0,77,575.005711
15.0,48,575.449669
-6.0,77,818.317916
15.0,67,819.0136
-5.0,72,819.707479
6.0,67,820.377376
-4.0,56,820.937701
3.0,86,821.835694
-4.0,76,822.623686
13.0,66,823.281641
17.0,77,823.903967
10.0,62,824.480963
-6.0,55,825.052366
14.0,62,825.672926
11.0,69,833.195417
3.0,89,833.868354
19.0,78,834.437912
18.0,66,835.011344
14.0,61,835.540366
16.0,80,836.126078
14.0,77,836.666344
9.0,86,837.281217
-7.0,58,837.710486
-2.0,65,838.189623
35.0,101,838.949359
21.0,56,839.34947
21.0,60,839.770138
29.0,65,840.326397
31.0,71,846.920184
9.0,82,847.481311
9.0,64,847.912109
14.0,59,1088.333246
-11.0,55,1088.937371
15.0,70,1089.649165
9.0,70,1090.361483
27.0,61,1090.942199
6.0,49,1091.404616
33.0,73,1092.064501
0.0,74,1092.777043
15.0,62,1093.386016
20.0,62,1094.027433
10.0,55,1094.60711
13.0,67,1095.332558
19.0,69,1096.043936
15.0,92,1104.279593
11.0,72,1104.994734
11.0,68,1105.661953
10.0,64,1106.237784
19.0,63,1107.018837
2.0,95,1107.890101
17.0,64,1108.484329
20.0,77,1109.184161
2.0,73,1109.809025
9.0,67,1110.361896
18.0,89,1111.123081
25.0,76,1111.768362
4.0,66,1112.338609
25.0,62,1113.011243
17.0,81,1113.699068
20.0,82,1114.405592
7.0,66,1353.93137
16.0,61,1354.435838
1.0,76,1355.038967
-8.0,61,1355.519493
-5.0,63,1355.995659
5.0,67,1356.492692
21.0,69,1357.014279
10.0,75,1357.557443
-12.0,56,1358.001892
5.0,59,1358.489745
18.0,73,1359.107015
14.0,64,1359.646646
34.0,76,1367.123775
15.0,62,1367.588618
21.0,70,1368.132041
8.0,55,1368.58822
28.0,62,1369.01573
7.0,62,1369.445386
21.0,73,1369.979222
-4.0,54,1370.350115
7.0,75,1370.878959
20.0,59,1371.283483
5.0,64,1371.735051
-3.0,54,1372.155801
18.0,72,1372.638798
26.0,94,1373.323528
30.0,55,1373.694818
21.0,67,1380.304572
35.0,84,1380.999573
33.0,57,1381.499724
21.0,85,1382.244014
13.0,76,1633.55884
19.0,64,1634.105305
30.0,85,1634.693685
44.0,79,1635.259187
10.0,85,1635.830438
30.0,73,1636.345261
-10.0,75,1636.871484
14.0,69,1637.408948
19.0,88,1638.041571
28.0,64,1644.918151
26.0,77,1645.509692
21.0,71,1646.014425
39.0,63,1646.486595
26.0,88,1647.087459
45.0,71,1647.6111
6.0,56,1648.016182
15.0,66,1648.543646
36.0,79,1649.143644
25.0,74,1649.738
2.0,55,1650.192554
22.0,78,1650.803444
15.0,66,1651.29356
31.0,81,1651.889954
24.0,71,1652.550934
11.0,65,1653.049198
24.0,66,1653.582821
31.0,73,1654.162338
22.0,67,1654.661487
35.0,82,1898.018704
20.0,74,1898.551513
19.0,61,1899.017351
41.0,80,1899.739946
34.0,71,1900.236466
16.0,86,1900.875019
16.0,71,1901.393767
25.0,64,1901.829998
18.0,71,1902.443506
31.0,92,1909.819155
1.0,81,1910.493273
11.0,72,1911.088174
43.0,88,1911.7978
31.0,65,1912.3349
27.0,63,1912.877178
23.0,63,1913.459325
29.0,81,1914.08966
24.0,76,1914.588623
47.0,81,1915.199952
33.0,69,1915.772534
21.0,71,1916.32742
25.0,84,1917.087487
16.0,111,1918.115721
28.0,70,1918.653002
19.0,81,1919.317072
32.0,60,1919.799235
15.0,76,1920.438252
41.0,73,2146.661476
31.0,80,2147.320537
53.0,69,2147.853729
14.0,59,2148.389016
42.0,70,2148.949985
34.0,70,2149.520537
40.0,81,2150.171027
21.0,76,2150.910716
56.0,86,2151.560722
31.0,82,2160.099092
41.0,75,2160.727647
54.0,102,2161.579727
46.0,67,2162.170067
42.0,103,2163.079996
26.0,86,2163.981458
18.0,57,2164.355205
24.0,75,2164.908573
15.0,84,2165.699077
20.0,88,2166.485086
25.0,79,2167.263695
37.0,59,2167.788164
57.0,78,2176.394593
20.0,79,2177.097191
21.0,85,2177.730618
23.0,84,2178.298874
20.0,73,2178.925134
32.0,76,2179.556304
13.0,69,2415.561218
24.0,75,2416.207813
44.0,95,2416.976438
9.0,70,2417.567163
22.0,78,2418.151576
42.0,125,2419.169882
46.0,85,2427.529293
15.0,102,2428.36518
43.0,87,2429.072057
23.0,70,2429.691848
25.0,70,2430.180749
21.0,88,2430.936171
33.0,79,2431.546541
19.0,74,2432.157186
34.0,94,2432.766968
14.0,81,2433.343886
27.0,90,2434.09677
36.0,80,2434.7081
32.0,74,2435.358177
46.0,75,2444.079048
42.0,81,2444.691601
34.0,94,2445.505604
61.0,71,2445.924456
32.0,61,2446.358645
22.0,86,2447.082941
38.0,77,2662.772219
38.0,79,2663.472386
55.0,86,2664.297666
43.0,83,2664.999142
28.0,96,2665.747448
67.0,82,2707.013778
41.0,81,2715.954585
33.0,72,2716.543389
21.0,65,2717.193256
22.0,89,2717.925623
32.0,87,2718.515603
33.0,82,2719.241714
49.0,93,2720.101891
38.0,79,2720.817626
42.0,74,2721.435537
18.0,73,2722.077366
10.0,82,2722.803438
31.0,103,2723.745676
57.0,73,2732.328087
22.0,96,2733.2086
26.0,84,2733.95703
31.0,69,2734.571023
39.0,63,2735.109679
40.0,102,2736.069668
26.0,91,2963.382356
21.0,102,2964.351741
32.0,107,2965.31149
38.0,73,2965.96218
59.0,106,2966.89371
49.0,75,2967.444801
57.0,84,2976.409741
81.0,97,2977.361833
46.0,76,2978.023647
49.0,79,2978.769113
55.0,84,2979.451933
59.0,84,2980.181457
38.0,90,2980.86967
57.0,76,2981.454408
68.0,87,2982.18273
26.0,81,2982.756394
52.0,73,2983.439952
40.0,79,2984.068216
33.0,77,2992.696542
55.0,92,2993.583432
31.0,94,2994.717824
40.0,67,2995.337654
50.0,131,2996.559121
22.0,79,2997.346738
35.0,87,3225.040241
36.0,116,3226.033588
41.0,77,3226.667226
57.0,86,3227.351573
29.0,117,3237.037312
60.0,81,3237.505438
60.0,94,3238.604259
35.0,102,3239.346672
59.0,84,3240.059309
36.0,73,3240.603892
46.0,104,3241.513556
67.0,88,3242.184896
26.0,89,3242.991377
47.0,92,3243.766647
38.0,92,3244.503979
45.0,82,3245.21068
27.0,97,3254.488413
35.0,71,3255.127894
30.0,105,3256.308587
78.0,105,3257.309807
41.0,76,3257.969311
51.0,69,3258.673422
29.0,77,3259.414065
44.0,112,3485.310636
53.0,82,3486.048371
39.0,114,3487.211865
31.0,70,3487.832873
51.0,84,3497.251248
64.0,91,3497.894347
27.0,80,3498.569786
74.0,79,3499.321322
38.0,71,3500.003559
17.0,89,3500.766602
62.0,105,3501.564921
78.0,97,3502.489692
39.0,104,3503.30412
79.0,102,3504.202661
47.0,143,3505.692961
84.0,104,3506.564893
40.0,73,3507.315056
76.0,92,3508.522856
36.0,126,3509.555228
34.0,88,3510.513067
43.0,85,3511.191904
62.0,105,3735.161196
60.0,83,3735.899613
49.0,89,3736.602935
49.0,87,3737.33069
44.0,101,3747.187026
42.0,90,3747.79633
51.0,99,3748.497105
47.0,90,3749.229221
57.0,97,3750.362812
48.0,70,3751.041979
51.0,111,3752.131067
35.0,75,3752.841747
29.0,94,3753.939029
37.0,109,3754.931793
46.0,81,3755.535619
44.0,98,3756.57398
31.0,94,3757.39182
50.0,90,3758.857329
51.0,82,3759.601226
47.0,81,3760.814532
39.0,70,3761.460049
68.0,81,3762.318712
43.0,80,3763.443718
51.0,75,3764.247242
45.0,114,3993.946715
37.0,92,3995.028341
48.0,88,3996.119704
47.0,84,3996.92028
66.0,101,3997.806889
54.0,105,3998.845658
44.0,94,3999.801755
43.0,80,4000.54911
41.0,88,4001.319054
64.0,112,4002.170755
38.0,114,4009.909826
45.0,93,4011.076242
68.0,71,4011.795459
42.0,77,4021.669483
48.0,91,4022.660382
50.0,86,4023.382606
80.0,84,4024.261937
82.0,75,4024.807461
52.0,129,4026.05338
47.0,68,4026.736751
56.0,100,4027.464157
47.0,100,4028.092952
42.0,80,4250.607159
62.0,91,4251.485623
61.0,112,4261.527136
52.0,100,4317.099642
49.0,101,4378.942499
37.0,87,4441.129861
40.0,103,4443.585278
49.0,83,4444.291888
73.0,89,4445.048577
36.0,87,4445.85693
41.0,110,4446.81939
56.0,85,4447.496587
44.0,95,4448.318797
69.0,84,4449.241559
40.0,99,4449.812266
60.0,120,4450.865818
31.0,95,4451.630851
36.0,101,4452.497619
25.0,89,4453.240447
43.0,103,4454.026345
60.0,100,4454.832353
20.0,97,4698.000331
42.0,85,4698.764729
37.0,99,4708.935642
54.0,137,4710.169214
33.0,96,4711.13016
50.0,85,4712.181068
51.0,86,4713.116677
42.0,76,4713.764105
64.0,127,4714.761776
33.0,92,4715.519212
26.0,94,4716.617917
48.0,85,4717.648044
45.0,116,4728.111099
67.0,97,4728.971958
38.0,129,4731.032812
74.0,80,4731.841071
55.0,98,4732.709393
65.0,103,4733.795434
29.0,112,4735.037302
34.0,111,4736.048251
70.0,101,4974.480668
60.0,94,4975.609042
34.0,102,4986.13749
53.0,89,4987.241732
51.0,83,4987.930312
55.0,91,4988.705495
50.0,100,4989.59091
58.0,123,4990.57936
19.0,93,4991.391732
45.0,116,4992.111326
65.0,90,4992.786759
66.0,83,4993.613942
40.0,108,4994.758466
42.0,80,4995.559949
60.0,120,4997.211138
53.0,86,4998.078497
44.0,84,4998.823018
68.0,111,4999.740311
67.0,80,5000.458615
83.0,99,5001.225019
44.0,92,5002.873889
72.0,85,5003.564745
42.0,99,5242.636668
67.0,94,5243.633171
43.0,114,5244.612764
55.0,127,5266.359225
56.0,98,5269.686365
58.0,82,5270.531816
65.0,84,5271.656058
53.0,81,5272.604125
44.0,93,5273.959812
35.0,68,5327.833759
70.0,81,5328.913069
42.0,81,5329.937994
63.0,97,5363.418532
60.0,96,5364.503561
76.0,100,5365.629693
60.0,117,5366.572817
69.0,95,5367.457922
58.0,115,5368.883179
62.0,92,5369.696605
50.0,95,5371.11655
36.0,109,5372.002755
72.0,132,5580.929085
29.0,118,5581.920453
46.0,112,5582.861145
77.0,95,5583.546887
53.0,116,5584.599768
72.0,85,5585.344431
62.0,90,5586.003642
79.0,94,5586.883518
55.0,87,5587.938684
36.0,89,5588.954488
63.0,91,5590.129221
70.0,88,5590.84195
56.0,100,5591.774654
18.0,92,5592.823339
48.0,105,5594.430134
42.0,127,5602.355742
44.0,99,5632.25408
73.0,108,5685.948661
44.0,102,5688.104905
65.0,110,5690.256173
49.0,103,5917.072685
45.0,103,5932.206904
42.0,127,5933.961288
55.0,92,5935.143185
43.0,95,5936.225541
54.0,100,5937.419371
76.0,102,5938.381347
51.0,113,5939.378681
80.0,133,5940.550565
46.0,122,5969.084911
58.0,85,5978.845335
64.0,80,5980.128931
76.0,127,5981.303428
74.0,84,5982.10651
52.0,130,5983.385671
48.0,89,5984.232547
39.0,79,5985.092693
44.0,100,5986.126776
57.0,96,6051.129238
26.0,104,6052.382815
42.0,145,6281.780226
65.0,93,6282.528514
65.0,98,6283.587678
48.0,130,6284.482261
71.0,128,6316.595816
27.0,125,6318.046372
47.0,198,6320.479615
69.0,86,6321.345699
62.0,131,6322.528388
40.0,106,6323.47764
64.0,98,6324.81843
75.0,114,6325.731869
55.0,170,6328.211956
69.0,109,6329.96658
41.0,156,6332.44103
64.0,205,6373.775132
52.0,154,6612.694468
91.0,87,6614.057054
43.0,90,6615.513345
62.0,96,6616.437429
51.0,108,6617.500181
55.0,95,6626.861943
59.0,117,6640.578439
40.0,133,6660.816886
45.0,118,7267.301059
52.0,83,7291.439295
67.0,82,7293.254887
51.0,90,7294.865429
59.0,128,7296.568612
57.0,97,7297.824666
53.0,137,7299.669235
79.0,122,7300.807177
48.0,105,7301.916035
30.0,116,7303.121841
67.0,94,7304.251539
67.0,119,7560.370047
76.0,96,7561.407945
62.0,111,7562.338873
52.0,103,7623.286337
53.0,148,7633.858087
66.0,83,7638.288841
51.0,94,7680.611824
60.0,139,7694.396089
48.0,188,7696.292798
64.0,99,7698.011638
40.0,174,7699.96306
50.0,101,7701.081775
54.0,219,7703.353735
63.0,102,7704.404056
63.0,126,7708.091789
39.0,101,7709.81753
68.0,158,7961.661535
39.0,101,7965.320661
61.0,132,7967.028214
48.0,112,7968.201539
57.0,119,7969.347984
57.0,142,7970.780125
79.0,81,7971.741805
66.0,131,7984.24031
33.0,193,7987.451261
49.0,163,8031.456148
46.0,170,8032.964696
48.0,112,8080.157514
64.0,119,8081.318697
40.0,94,8082.486549
62.0,111,8083.642419
60.0,92,8084.640683
68.0,108,8335.340866
64.0,119,8336.775459
59.0,104,8338.474967
51.0,142,8365.069425
73.0,133,8366.951277
65.0,121,8368.4446
55.0,87,8376.298825
43.0,128,8399.397579
63.0,117,8400.767136
72.0,115,8401.882317
68.0,131,8403.154935
76.0,114,8410.643771
57.0,87,8411.800831
42.0,128,8413.354849
26.0,122,8415.023288
50.0,121,8416.763446
60.0,101,8417.827692
52.0,114,8418.954242
72.0,99,8666.180361
67.0,129,8670.780289
65.0,93,8671.504892
75.0,134,8672.958693
54.0,104,8674.045583
37.0,185,8759.58308
78.0,96,8760.709629
74.0,88,8762.143789
48.0,159,8763.912132
44.0,115,8765.15076
58.0,151,8768.475961
61.0,122,8769.58411
72.0,97,8770.712989
55.0,127,8772.390844
52.0,97,8773.700216
91.0,83,8774.480621
73.0,121,8778.220647
66.0,135,9030.322484
67.0,116,9031.433981
61.0,131,9032.929055
51.0,147,9034.753408
53.0,91,9035.814846
65.0,104,9036.980285
56.0,121,9039.625112
77.0,102,9041.163718
55.0,207,9046.80573
50.0,114,9047.748285
61.0,113,9209.312041
45.0,282,9220.684662
67.0,165,9234.268234
71.0,92,9235.41985
70.0,111,9236.773423
57.0,114,9484.435174
56.0,155,9486.093785
65.0,124,9487.204396
61.0,115,9532.70881
72.0,142,9577.174886
75.0,138,9605.600186
51.0,132,9723.798329
59.0,137,9780.928113
40.0,164,9796.119356
54.0,107,9797.830351
51.0,132,9799.707059
83.0,118,9803.043221
55.0,137,9923.652788
78.0,114,9924.927313
60.0,122,9926.497666
45.0,115,9992.519282
63.0,104,10232.040082
57.0,146,10233.975472
65.0,123,10235.341606
27.0,199,10237.755242
55.0,163,10239.46323
89.0,132,10240.959005
46.0,86,10242.099279
73.0,100,10243.44264
95.0,118,10304.648462
39.0,154,10307.740067
67.0,88,10309.145205
65.0,120,10310.331337
76.0,119,10311.712946
55.0,177,10313.621774
77.0,137,10337.645526
55.0,169,10598.743169
47.0,100,10613.912613
53.0,115,10615.104866
50.0,107,10616.05457
62.0,84,10616.984273
53.0,110,10618.468619
38.0,145,10620.024567
72.0,148,10621.655282
60.0,86,10622.922547
76.0,115,10654.9606
44.0,136,10656.396137
49.0,120,10657.878345
80.0,129,10659.85917
48.0,243,10662.683935
49.0,101,10686.342855
66.0,113,10687.674587
36.0,119,10689.268427
71.0,116,10932.621127
88.0,88,10933.251008
73.0,125,10934.700531
48.0,225,10937.289767
92.0,141,10938.788633
78.0,139,10940.571136
68.0,128,10941.471769
72.0,155,10942.797441
65.0,196,10948.166407
54.0,118,10949.411708
75.0,154,10951.698421
67.0,111,10953.165671
36.0,364,10957.250216
38.0,108,11184.682652
44.0,132,11185.943862
67.0,147,11187.183568
59.0,108,11188.584052
73.0,152,11197.219918
21.0,141,11199.184706
82.0,144,11201.852392
78.0,107,11321.487381
43.0,135,11325.19423
62.0,148,11328.172913
80.0,134,11335.405623
56.0,109,11350.25824
66.0,127,11351.833698
42.0,122,11353.304549
51.0,110,11354.420887
42.0,110,11355.787745
56.0,161,11604.382687
68.0,176,11626.93508
66.0,103,11628.906816
75.0,194,11646.247503
57.0,182,11729.250223
79.0,94,11753.523684
78.0,153,11755.159014
79.0,108,11756.467901
46.0,128,11787.656955
69.0,127,11817.339235
47.0,132,11819.452952
76.0,109,11833.845948
64.0,154,11838.118793
54.0,372,12067.337217
59.0,194,12069.514338
61.0,184,12072.373125
53.0,110,12073.532784
75.0,115,12074.708151
50.0,181,12142.927378
63.0,136,12144.660428
47.0,241,12156.767819
89.0,89,12174.136694
70.0,131,12175.645247
66.0,107,12176.613048
57.0,117,12178.397868
66.0,182,12180.746831
54.0,214,12406.756712
61.0,186,12408.362273
73.0,118,12409.694631
69.0,167,12411.665266
55.0,127,12413.082004
51.0,81,12413.852322
60.0,105,12414.552011
34.0,379,12499.660015
75.0,179,12525.99666
43.0,106,12527.335962
67.0,177,12529.224927
66.0,438,12795.901284
61.0,129,12797.260924
64.0,116,12853.047628
46.0,176,12855.585425
78.0,134,12886.064064
61.0,102,12900.914194
40.0,272,12903.99914
71.0,136,12905.379246
46.0,381,12945.38937
47.0,154,12947.033487
57.0,240,12969.242438
51.0,130,12971.332081
59.0,134,13247.399098
65.0,117,13298.908266
67.0,135,13301.115866
51.0,87,13352.402719
46.0,143,13355.399321
72.0,122,13357.838819
45.0,160,13373.037189
54.0,159,13374.863327
46.0,192,13377.083997
70.0,88,13378.53144
44.0,159,13380.266042
78.0,146,13398.042147
62.0,158,13424.68882
98.0,132,13426.169835
96.0,192,13682.561353
78.0,157,13685.988836
65.0,97,13687.232816
55.0,229,13732.619178
65.0,207,13756.116064
70.0,117,13758.110457
44.0,199,13841.286837
72.0,171,13991.481735
66.0,132,13994.435767
85.0,130,13997.033684
47.0,213,13999.870405
52.0,332,14003.721243
70.0,110,14244.030437
74.0,198,14246.167061
54.0,201,14248.797227
70.0,126,14250.065987
53.0,132,14251.90574
50.0,110,14253.246418
81.0,131,14255.295033
47.0,3000,14634.617693
86.0,169,14921.085041
49.0,131,14923.194618
36.0,294,15001.705558
74.0,161,15005.338436
46.0,175,15007.235332
61.0,103,15008.593905
67.0,202,15010.804975
70.0,235,15142.752651
55.0,236,15148.39037
45.0,127,15179.27634
58.0,192,15182.900543
83.0,102,15184.213953
58.0,248,15439.518157
62.0,213,15443.837148
83.0,128,15445.417293
59.0,176,15449.822563
46.0,146,15452.706964
63.0,248,15457.232286
54.0,703,15467.483147
74.0,403,15687.528291
60.0,572,15724.025604
65.0,406,15755.220016
86.0,134,15756.954584
76.0,234,15809.266383
49.0,441,15862.157485
83.0,104,16109.513968
64.0,138,16142.885003
92.0,198,16268.951055
55.0,139,16272.494878
88.0,340,16278.416646
35.0,167,16280.166207
36.0,621,16333.48193
72.0,132,16357.52611
68.0,150,16366.181747
92.0,187,16629.476509
78.0,543,16664.317703
75.0,142,16665.998492
89.0,125,16698.463999
53.0,124,16700.275066
59.0,163,16702.048289
73.0,334,16777.167134
41.0,163,16878.26579
81.0,117,16879.910826
56.0,157,16882.449845
83.0,221,17151.984287
69.0,135,17209.633091
62.0,207,17212.47297
82.0,250,17215.641147
44.0,311,17259.214515
57.0,436,17268.001836
60.0,127,17269.892462
63.0,441,17274.775751
60.0,183,17522.328816
61.0,210,17524.375788
64.0,244,17571.612708
77.0,368,17575.588822
56.0,567,17627.144082
68.0,155,17628.760024
68.0,137,17630.592559
32.0,302,17877.935044
89.0,311,17881.210279
92.0,250,17904.542267
68.0,126,17906.324167
47.0,200,17909.060802
75.0,215,17919.465717
84.0,387,17969.996837
76.0,147,18142.011401
59.0,184,18219.331895
42.0,303,18476.35169
63.0,567,18596.090859
51.0,203,18619.02234
54.0,205,18621.120808
67.0,327,18628.974543
72.0,285,18632.674657
53.0,468,18881.078636
37.0,533,18948.98421
52.0,574,19094.090159
75.0,394,19140.789749
55.0,479,19385.515027
53.0,1042,19558.438931
58.0,252,19561.113591
64.0,391,19647.563272
60.0,531,20016.145753
72.0,447,20023.163655
72.0,400,20202.017837
43.0,462,20285.228524
71.0,153,20359.075956
48.0,395,20622.272747
27.0,422,20627.186059
59.0,141,20628.951983
69.0,133,20630.373635
104.0,306,20634.486146
64.0,882,20980.80118
84.0,190,21359.279151
59.0,192,21434.287371
76.0,631,21534.864558
65.0,545,21543.793794
50.0,1988,22082.442631
79.0,140,22084.307899
55.0,502,22106.517883
58.0,546,22377.435096
78.0,642,22421.654755
56.0,836,22760.79892
83.0,230,23006.15027
66.0,993,23060.617535
68.0,165,23117.413542
44.0,432,23122.915821
60.0,760,23396.351994
83.0,160,23456.937754
42.0,2191,23826.045563
75.0,727,23981.249083
65.0,278,23988.4141
71.0,430,24221.659881
70.0,1008,24329.999068
72.0,387,24334.654108
45.0,327,24384.672877
70.0,174,24629.210655
41.0,450,24726.775148
61.0,203,24745.641155
72.0,292,24765.967071
65.0,194,24784.94661
32.0,1320,25136.942842
50.0,710,25160.53695
69.0,439,25166.857464
75.0,230,25174.51998
43.0,673,25404.377276
98.0,160,25405.903634
67.0,451,25410.990206
65.0,280,25414.765113
53.0,337,25418.511589
84.0,240,25420.686828
58.0,203,25669.134392
68.0,216,25675.862876
59.0,596,25713.205848
43.0,322,25769.116128
68.0,490,25773.57357
81.0,176,25775.157576
40.0,201,26060.956934
47.0,703,26128.931163
57.0,3000,26648.755612
53.0,264,26651.545464
72.0,297,26876.198726
66.0,420,26880.501026
66.0,491,26923.973001
63.0,1254,27249.600415
65.0,269,27268.184975
58.0,1276,27282.457892
50.0,290,27534.883925
56.0,732,27583.956196
60.0,1067,27593.511524
62.0,552,27881.00025
54.0,2157,28273.06943
54.0,1310,28304.831556
61.0,312,28535.339236
74.0,381,28538.842355
41.0,506,28581.411133
87.0,183,28582.992346
97.0,505,28587.962337
82.0,242,28589.999596
59.0,825,28900.961153
55.0,461,28904.953016
69.0,413,28908.801276
57.0,303,28911.171908
72.0,1962,29201.015934
83.0,317,29455.695248
44.0,1703,29486.888914
73.0,1119,29732.192609
53.0,1473,30030.713694
89.0,162,30032.414106
79.0,368,30035.989377
92.0,191,30037.990322
92.0,198,30039.78705
81.0,402,30043.665662
69.0,3000,30789.492136
87.0,239,30792.699544
64.0,1875,31110.946412
102.0,2058,31416.406188
68.0,982,31432.42777
77.0,463,31448.799325
50.0,3000,32290.23809
75.0,332,32301.689445
67.0,954,32583.330878
51.0,2357,33126.141581
79.0,581,33131.835382
52.0,2205,33377.841789
85.0,236,33379.833245
52.0,795,33631.345453
89.0,430,33635.159858
61.0,269,33637.599815
59.0,339,33640.313768
57.0,2468,33896.176702
75.0,1261,34243.290813
49.0,535,34249.800324
46.0,453,34253.942498
83.0,714,34497.29601
78.0,262,34520.264306
67.0,2061,34801.898312
51.0,983,34810.485107
41.0,3000,35462.372759
77.0,661,35468.204822
55.0,934,35695.155761
57.0,938,35785.992296
82.0,1261,36039.406019
78.0,1011,36048.869215
61.0,394,36052.548037
72.0,877,36307.711124
59.0,290,36310.427016
49.0,3000,36715.251675
56.0,267,36938.676264
51.0,491,36942.753317
76.0,3000,37212.662358
67.0,2746,37833.148593
60.0,1391,37885.655236
44.0,954,38147.693004
21.0,40,38147.890201
74.0,310,38150.732866
72.0,625,38156.685249
63.0,1257,38474.724409
61.0,837,38482.465377
62.0,1429,38714.012298
54.0,3000,39008.174571
75.0,430,39245.937003
73.0,350,39248.99961
38.0,1370,39372.483524
67.0,189,39597.125617
42.0,1614,39782.751816
71.0,142,39783.977024
32.0,554,40045.034588
31.0,1345,40130.35591
48.0,109,40131.447388
51.0,1298,40522.683599
70.0,300,40550.692147
93.0,609,40557.613388
64.0,358,40780.434245
64.0,965,40906.651305
47.0,683,40913.315444
76.0,705,41151.682501
48.0,3000,41556.247396
56.0,3000,42064.393827
56.0,3000,42454.265071
65.0,302,42456.475895
69.0,555,42682.180077
68.0,788,42688.926204
50.0,680,42694.209641
70.0,3000,43238.347834
77.0,591,43243.19329
67.0,672,43249.024413
70.0,1000,43497.601203
65.0,795,43503.656168
61.0,303,43506.113173
69.0,408,43786.077757
72.0,210,43787.903348
60.0,1972,44044.939719
26.0,336,44047.786091
41.0,3000,44401.351684
57.0,3000,45166.909217
60.0,322,45231.790037
72.0,121,45232.68048
68.0,611,45238.562144
85.0,164,45240.121522
45.0,703,45499.146377
52.0,726,45505.534502
44.0,835,45513.01671
74.0,1362,45746.707686
84.0,400,45749.905743
83.0,551,45985.061343
68.0,310,45987.104737
91.0,384,45990.409731
59.0,213,45992.338219
70.0,3000,46300.416398
52.0,311,46562.947257
89.0,3000,47028.590628
72.0,834,47356.540928
54.0,405,47393.441841
72.0,544,47506.33551
63.0,3000,47790.625921
63.0,327,48029.04838
45.0,1176,48039.008644
78.0,1295,48279.308201
78.0,418,48282.426683
46.0,804,48289.88961
76.0,463,48570.131117
43.0,1105,48580.066423
60.0,2207,48865.984445
37.0,446,48869.445518
68.0,2134,49369.886681
53.0,132,49371.20306
67.0,884,49468.490673
57.0,314,49471.520211
21.0,2272,49733.639741
52.0,3000,50314.015134
98.0,370,50317.063438
69.0,108,50317.850676
69.0,829,50325.312897
45.0,1855,50622.006141
54.0,636,50881.793205
51.0,642,50887.077723
90.0,335,50889.990877
49.0,189,50892.037344
58.0,186,50893.775575
46.0,1081,51151.696657
41.0,391,51154.526404
73.0,184,51156.174047
34.0,200,51157.82086
78.0,281,51160.413037
62.0,1067,51393.947236
63.0,938,51402.284638
42.0,166,51403.726555
35.0,336,51628.71048
60.0,186,51630.428255
73.0,591,51635.305085
69.0,825,51641.860146
47.0,3000,52096.834568
84.0,281,52099.059536
74.0,1246,52434.734384
60.0,107,52436.402694
51.0,262,52440.18242
42.0,545,52446.547099
57.0,524,52451.648511
57.0,180,52453.482633
82.0,297,52456.680115
120.0,89,52457.267088
83.0,119,52687.36623
47.0,319,52690.174766
19.0,73,52690.577643
55.0,354,52693.336635
20.0,109,52694.117713
78.0,307,52696.40251
69.0,270,52698.293302
67.0,480,52702.310899
57.0,150,52926.657602
68.0,457,52930.036605
79.0,130,52931.132703
63.0,206,52933.180722
52.0,3000,53194.581348
56.0,245,53414.837475
60.0,600,53421.094556
47.0,715,53466.119546
77.0,636,53470.759359
66.0,800,53691.302237
63.0,2582,53990.224898
72.0,407,53993.5665
41.0,211,53995.163572
71.0,517,54249.103254
61.0,388,54332.559471
77.0,100,54333.400213
60.0,97,54334.299567
83.0,196,54335.866225
53.0,3000,54923.410764
47.0,371,54926.316937
59.0,1255,54942.04278
25.0,304,54944.736448
70.0,709,55200.260914
47.0,205,55205.40651
50.0,538,55231.830254
59.0,635,55236.578314
42.0,562,55485.327797
61.0,225,55487.183829
61.0,370,55489.960178
64.0,326,55492.668779
75.0,1478,55875.924803
56.0,2915,56176.818045
44.0,170,56178.19725
48.0,564,56513.044308
38.0,94,56513.946572
69.0,437,56517.588389
64.0,1192,56766.482655
37.0,149,56767.949787
82.0,470,56811.522597
55.0,3000,57059.689233
77.0,209,57061.543413
38.0,3000,57569.463444
67.0,95,57570.304173
76.0,134,57571.689777
57.0,322,57574.341983
75.0,304,57576.933006
72.0,285,57579.409829
73.0,208,57809.672963
49.0,223,57811.587651
29.0,142,57812.585761
63.0,220,57814.143082
70.0,1435,58110.252606
56.0,3000,58360.021521
93.0,211,58361.510068
77.0,576,58365.985721
62.0,265,58592.409501
56.0,210,58608.606359
67.0,616,58712.18616
58.0,455,58752.85209
34.0,1063,58986.301941
71.0,1031,59102.932399
53.0,726,59359.428879
64.0,3000,59774.863039
79.0,392,59778.029513
66.0,638,59783.910737
61.0,172,60014.798259
59.0,829,60021.645392
46.0,1074,60030.644788
50.0,442,60262.345609
67.0,772,60270.181485
85.0,180,60271.378546
94.0,1066,60503.668769
75.0,1253,60523.886841
51.0,1649,60768.720138
50.0,3000,61351.450912
86.0,529,61355.599168
52.0,3000,61641.509624
70.0,732,61917.858624
69.0,957,61926.72525
42.0,351,61930.196342
64.0,157,61931.895725
49.0,1611,62162.781247
69.0,173,62164.016913
47.0,2816,62717.605706
68.0,1007,62768.927195
66.0,101,62769.669163
68.0,2509,63013.311366
64.0,1113,63254.964193
56.0,2446,63500.243042
85.0,1479,63743.476704
53.0,2659,63992.100944
40.0,991,64218.721298
74.0,510,64236.569628
61.0,1270,64248.692369
58.0,1183,64597.356668
58.0,197,64598.725627
55.0,643,64604.336787
72.0,272,64897.047431
51.0,701,64901.992205
30.0,692,64907.058666
75.0,211,64908.928433
69.0,179,64910.389305
90.0,1244,65157.522945
52.0,333,65160.321163
77.0,235,65162.147744
50.0,237,65163.980529
27.0,2915,65668.760267
63.0,563,65672.693772
72.0,266,65674.761235
81.0,3000,66181.59321
56.0,357,66207.549309
63.0,312,66209.924867
48.0,808,66441.634779
78.0,3000,66705.341495
64.0,3000,66957.346651
79.0,980,67191.048643
55.0,723,67196.418719
61.0,3000,67668.148599
40.0,895,67675.21345
56.0,927,67910.540516
68.0,203,67912.266629
60.0,379,67915.362109
70.0,610,67920.186003
48.0,238,67921.916946
81.0,745,68189.40609
59.0,574,68232.800939
58.0,3000,68515.581718
77.0,108,68516.651094
51.0,332,68753.345851
34.0,3000,69078.703863
73.0,174,69080.022814
77.0,134,69080.979208
46.0,3000,69559.667219
93.0,366,69563.165228
67.0,689,69569.798076
67.0,151,69571.056944
55.0,1124,69853.171076
36.0,1912,70099.4263
39.0,3000,70370.480833
65.0,473,70374.306194
66.0,237,70596.633591
58.0,3000,70979.31311
52.0,375,71039.680014
61.0,542,71270.811199
87.0,184,71272.208285
42.0,376,71311.934446
62.0,2856,71648.851902
46.0,307,71651.233983
68.0,379,71892.716608
24.0,842,71899.409398
56.0,218,71901.130189
52.0,110,71902.033306
73.0,795,71909.427835
57.0,786,72160.366994
77.0,238,72162.385373
54.0,392,72166.351635
55.0,1522,72414.833357
48.0,923,72423.281363
105.0,190,72425.129299
53.0,1611,72695.187846
80.0,185,72696.642385
84.0,358,72927.533957
40.0,2167,73209.817084
55.0,65,73210.271727
66.0,172,73211.771038
59.0,1484,73224.00573
85.0,1229,73462.115215
48.0,615,73467.268508
34.0,186,73468.876285
33.0,148,73470.02792
42.0,755,73702.253502
35.0,159,73703.615139
66.0,98,73704.40301
42.0,851,73712.509651
74.0,309,73940.823641
64.0,3000,74187.924386
55.0,1951,74430.413643
72.0,1184,74674.445989
52.0,2969,74919.795833
65.0,3000,75229.804034
37.0,589,75505.914763
54.0,740,75511.487431
61.0,284,75513.57756
51.0,806,75758.044546
75.0,1870,76002.487323
68.0,514,76006.220336
75.0,422,76010.081142
72.0,1298,76246.623454
31.0,542,76281.260798
39.0,114,76282.005252
70.0,1508,76516.910222
66.0,732,76521.979055
22.0,2413,76790.512233
81.0,276,76792.945642
42.0,94,76793.654465
65.0,805,77024.617265
90.0,293,77026.885131
44.0,3000,77276.182587
55.0,366,77501.81175
52.0,1672,77540.53497
73.0,3000,77989.242828
38.0,3000,78234.373917
54.0,219,78236.347913
75.0,1556,78467.376503
42.0,3000,78951.126848
74.0,336,78953.631207
45.0,539,78957.698201
54.0,704,78963.435606
62.0,3000,79427.177526
77.0,91,79428.389679
49.0,346,79431.563561
67.0,216,79433.653442
82.0,401,79437.05161
28.0,2295,79902.132019
51.0,185,79903.750537
63.0,539,79910.234955
50.0,3000,80208.248722
70.0,115,80209.407432
74.0,335,80433.482731
84.0,389,80436.562668
60.0,504,80440.529979
44.0,1327,80670.170448
67.0,3000,80958.088883
77.0,167,80959.126945
76.0,1373,81193.22204
58.0,374,81195.982813
75.0,434,81199.155899
58.0,219,81200.795026
47.0,3000,81690.654061
49.0,1099,81909.741177
55.0,455,82125.587265
63.0,668,82130.082607
66.0,94,82130.694537
51.0,173,82131.713322
63.0,794,82137.343766
67.0,185,82352.639774
44.0,204,82354.026937
54.0,3000,82588.613672
70.0,2351,82816.823153
49.0,1899,83041.17641
56.0,2041,83267.867254
58.0,755,83484.51791
56.0,387,83487.269228
94.0,222,83488.623831
54.0,566,83492.59143
61.0,2311,83722.913713
43.0,115,83723.617336
81.0,848,83946.614257
64.0,277,83948.465789
53.0,3000,84180.992271
59.0,662,84397.823294
38.0,406,84400.674904
50.0,2412,84669.413833
53.0,3000,84938.736646
70.0,149,85154.213267
43.0,3000,85419.062052
27.0,1030,85642.567016
73.0,335,85644.901963
83.0,614,85649.209358
56.0,3000,85885.459956
47.0,3000,86355.981507
77.0,274,86357.772893
66.0,3000,86593.546155
47.0,624,86810.143285
41.0,1046,86817.710287
60.0,223,86819.193043
54.0,3000,87263.797542
43.0,3000,87496.480135
95.0,503,87710.981107
58.0,1141,87719.434248
54.0,3000,88205.127647
71.0,166,88207.286648
71.0,384,88211.406758
56.0,3000,88452.535503
75.0,273,88454.2824
60.0,2567,89002.666889
52.0,801,89171.335739
90.0,3000,90018.420947
46.0,1670,90029.853148
91.0,3000,90479.940578
93.0,2476,90713.07182
51.0,538,90716.678093
52.0,3000,91171.488329
23.0,73,91172.08837
51.0,602,91176.097541
83.0,3000,91635.423197
71.0,107,91636.05902
69.0,154,91637.043311
66.0,3000,91877.773002
70.0,2161,92136.611633
65.0,399,92139.661599
63.0,182,92353.446271
70.0,2514,92587.525143
70.0,3000,92823.542555
37.0,364,92825.835923
70.0,897,93064.683168
56.0,138,93065.772676
55.0,433,93068.593131
104.0,123,93069.486876
60.0,3000,93521.340044
80.0,135,93522.390619
66.0,864,93528.742706
45.0,202,93530.488013
42.0,953,93781.10877
79.0,368,93783.957546
60.0,525,93787.629416
71.0,194,93788.998164
44.0,3000,94287.512075
50.0,2710,94543.204494
52.0,644,94549.196269
51.0,482,94769.489573
72.0,232,94771.224344
79.0,188,94772.349241
67.0,1012,94779.599343
52.0,3000,95228.649657
54.0,3000,95509.106607
50.0,1842,95741.786202
41.0,72,95742.716077
49.0,181,95744.56277
54.0,2069,96004.440534
59.0,250,96006.894817
41.0,2517,96459.159014
60.0,3000,96694.944606
70.0,2331,96959.017545
9.0,612,96963.366616
38.0,1132,97184.985418
51.0,1046,97406.931802
55.0,1273,97416.335676
56.0,464,97419.531719
65.0,109,97420.254309
48.0,3000,97885.874546
60.0,147,97886.821635
43.0,197,97928.382055
64.0,308,97930.759889
83.0,232,97932.372049
45.0,2330,98164.41865
52.0,239,98380.044894
40.0,1760,98391.929987
71.0,441,98608.037679
50.0,298,98610.478644
65.0,1914,98860.295275
61.0,3000,99139.150906
71.0,1849,99380.766791
67.0,367,99383.436773
51.0,711,99601.08051
47.0,140,99601.883391
67.0,292,99603.855717
46.0,478,99607.042533
52.0,142,99608.066166
76.0,784,99828.650587
42.0,264,99830.33784
55.0,1057,99837.869778
70.0,654,100057.825397
78.0,424,100063.15945
83.0,117,100064.132596
74.0,106,100064.764192
55.0,683,100070.103845
79.0,332,100072.168658
57.0,1316,100353.681482
53.0,1940,100581.451733
62.0,136,100609.613689
70.0,191,100610.805969
55.0,355,100613.030594
77.0,127,100613.785235
30.0,148,100614.652625
36.0,3000,101066.566225
77.0,284,101069.502881
57.0,299,101071.647954
77.0,182,101072.813477
67.0,3000,101544.066812
36.0,3000,101812.230876
68.0,3000,102266.059695
49.0,2215,102498.691918
57.0,1056,102506.241549
52.0,2808,103086.409891
48.0,3000,103397.899058
37.0,85,103398.475138
32.0,222,103400.386107
75.0,3000,103866.808356
33.0,161,103867.781979
49.0,598,103872.158724
67.0,2898,104147.661724
86.0,165,104382.108978
58.0,180,104383.552654
52.0,488,104387.000955
44.0,1431,104628.199568
61.0,3000,104975.060769
48.0,3000,105212.676019
50.0,1257,105439.241488
13.0,242,105440.994339
73.0,518,105444.506023
58.0,728,105665.507371
57.0,586,105669.973075
66.0,264,105671.608311
77.0,3000,106131.190076
63.0,1380,106141.078753
71.0,2206,106379.060554
66.0,3000,106828.597241
60.0,263,106830.581939
57.0,443,106833.512066
49.0,135,106834.385827
44.0,173,106835.551996
47.0,350,107053.012157
52.0,3000,107286.445036
79.0,699,107291.194967
88.0,780,107514.573342
44.0,185,107516.071771
51.0,277,107518.265166
47.0,317,107520.261179
53.0,3000,107977.356995
67.0,351,107981.122402
64.0,85,107981.914249
83.0,342,107985.361326
34.0,3000,108228.178693
72.0,1706,108457.602731
42.0,3000,108916.688762
81.0,272,108919.580427
70.0,104,108920.758243
74.0,671,108926.521377
47.0,308,108928.894918
72.0,3000,109391.415521
72.0,244,109393.527433
73.0,174,109395.258561
55.0,1220,109645.233292
78.0,170,109646.285712
42.0,716,109650.826207
96.0,502,109654.273382
52.0,2783,110119.29991
32.0,150,110120.394565
58.0,3000,110439.247942
62.0,452,110442.437913
44.0,110,110662.764065
67.0,194,110663.956894
61.0,557,110667.750355
52.0,449,110671.201042
50.0,453,110711.635768
75.0,100,110712.424658
0.0,91,110713.036892
72.0,294,110932.114493
78.0,623,110936.869612
91.0,116,110937.662209
67.0,486,110941.236665
69.0,959,111200.461026
81.0,221,111202.232698
51.0,636,111207.73953
65.0,179,111208.948799
61.0,781,111430.82957
48.0,676,111435.689818
51.0,1378,111693.961909
67.0,1275,111728.834877
35.0,161,111730.054399
63.0,86,111730.676573
59.0,2133,111962.874048
57.0,422,112197.875268
68.0,1976,112212.574761
46.0,3000,112667.92099
56.0,1191,112890.906051
61.0,740,112896.005134
72.0,1166,112903.395728
38.0,130,113119.822337
60.0,3000,113413.173799
62.0,2082,113645.219522
42.0,3000,113915.185075
54.0,534,114138.169945
64.0,116,114138.918471
29.0,3000,114376.242632
65.0,3000,114960.251506
64.0,308,114981.954927
41.0,3000,115216.601892
83.0,3000,115712.380516
21.0,3000,115947.953419
67.0,1760,116208.119765
36.0,102,116209.029971
29.0,283,116210.862195
58.0,123,116211.797393
43.0,3000,116662.231245
57.0,180,116663.582151
59.0,354,116666.913133
53.0,1064,116889.408347
29.0,203,116890.989089
51.0,118,116891.892655
58.0,3000,117130.247977
53.0,522,117134.209348
42.0,294,117348.642633
98.0,624,117380.721283
51.0,372,117391.516822
68.0,3000,117850.697976
69.0,2703,118084.597363
0.0,60,118084.99061
67.0,1068,118092.548317
37.0,762,118309.768284
73.0,3000,118619.59844
50.0,460,118836.835801
61.0,92,118837.481307
67.0,103,118838.174511
67.0,1215,118847.979464
54.0,703,119071.585316
79.0,847,119078.670692
106.0,213,119080.509588
90.0,104,119081.310737
46.0,3000,119580.382524
34.0,1006,119589.101002
44.0,604,119593.909342
71.0,162,119595.0375
49.0,3000,120094.445526
50.0,3000,120335.99188
52.0,190,120521.818496
59.0,913,120775.291669
75.0,636,120779.920962
53.0,796,121006.642751
44.0,600,121011.237087
48.0,1552,121242.533355
59.0,1839,121485.094405
69.0,165,121486.132452
44.0,94,121486.855949
73.0,259,121488.391319
54.0,113,121489.141594
63.0,1293,121715.485048
73.0,161,121716.661523
62.0,1692,121728.326566
82.0,434,121949.627764
76.0,378,121952.2344
15.0,39,121952.472148
49.0,131,121953.550884
6.0,88,121954.148058
32.0,58,121954.507802
64.0,1822,122188.499297
66.0,2098,122480.294316
56.0,138,122481.526441
77.0,228,122483.128849
54.0,186,122484.545323
48.0,3000,122972.949437
44.0,373,122976.383053
39.0,79,122976.963642
56.0,247,122978.735033
49.0,1033,122986.922354
61.0,96,123208.53064
65.0,3000,123454.608975
53.0,252,123456.312711
87.0,1079,123683.954371
67.0,221,123685.815833
37.0,254,123687.63154
35.0,342,123689.925278
72.0,205,123691.396996
29.0,669,123696.294631
54.0,893,123920.9061
62.0,100,123921.583627
77.0,445,123924.914302
69.0,3000,124472.326199
83.0,102,124473.397863
44.0,184,124474.948423
38.0,926,124482.948874
59.0,1155,124711.184742
50.0,341,124713.599162
54.0,906,124720.696384
43.0,1768,124954.333717
58.0,3000,125716.391107
60.0,1028,125910.872109
63.0,626,126144.921078
60.0,3000,126386.927995
10.0,83,126387.782368
62.0,181,126389.413517
76.0,307,126391.61973
53.0,377,126394.716542
32.0,121,126609.509351
63.0,282,126611.597734
71.0,1452,126622.005117
63.0,1154,126850.283679
56.0,157,126851.958276
69.0,408,126855.581979
38.0,218,126857.371289
60.0,208,126859.115867
70.0,644,127076.896793
69.0,1225,127088.008653
59.0,272,127090.560134
70.0,3000,127603.849492
91.0,206,127606.347907
53.0,179,127608.264825
86.0,3000,128069.908044
71.0,458,128073.656838
61.0,700,128079.120787
72.0,550,128083.298574
60.0,191,128084.494198
90.0,282,128298.202225
54.0,217,128299.626249
50.0,3000,128585.44491
44.0,184,128586.898311
29.0,62,128587.306798
70.0,141,128588.466458
75.0,394,128807.762962
37.0,177,128836.655848
57.0,1453,128876.954075
57.0,272,129093.341522
42.0,3000,129444.753413
59.0,454,129473.491024
70.0,304,129503.987665
53.0,70,129504.50244
74.0,385,129727.057477
73.0,105,129727.881762
86.0,436,129731.773278
85.0,99,129732.4912
55.0,872,129738.424757
59.0,731,129964.21578
88.0,93,129965.039158
39.0,1318,129974.275026
55.0,956,130199.646039
63.0,2110,130458.208699
70.0,113,130459.277767
41.0,1969,130691.08072
69.0,361,130694.163992
73.0,223,130696.12327
52.0,498,130700.063928
67.0,451,130922.161537
42.0,1541,131008.643506
44.0,3000,131568.460707
71.0,366,131586.667632
45.0,927,131636.009329
40.0,272,131852.157124
36.0,3000,132099.578261
66.0,80,132100.18376
48.0,733,132107.806699
60.0,1703,132336.846602
57.0,128,132338.146713
56.0,2749,132786.967722
63.0,423,132789.767553
68.0,181,132791.13742
44.0,214,132792.735924
63.0,94,132793.393979
26.0,3000,133478.25921
64.0,1455,133488.204772
78.0,2802,133951.335983
58.0,576,134044.737199
75.0,1129,134262.623985
71.0,310,134265.005668
47.0,1470,134277.997445
42.0,49,134278.367733
83.0,250,134502.000723
70.0,609,134507.122426
88.0,187,134508.506362
48.0,96,134509.112954
73.0,256,134512.870687
69.0,108,134513.676043
54.0,701,134518.995059
54.0,773,134742.662375
47.0,3000,134985.910991
18.0,3000,135490.0093
57.0,1966,135718.740169
76.0,489,135721.948636
21.0,193,135723.146317
86.0,230,135724.780329
62.0,178,135725.832128
103.0,120,135726.591761
48.0,164,135727.743091
56.0,108,135728.459491
66.0,572,135961.049785
55.0,488,135964.997515
72.0,185,135966.509381
54.0,165,135967.897712
57.0,583,135971.936804
62.0,2313,136446.026542
65.0,241,136449.69521
60.0,2626,136683.243499
64.0,2875,136921.408204
62.0,2959,137372.141886
51.0,218,137373.925923
49.0,368,137376.577654
72.0,3000,137832.175327
52.0,316,137834.576678
84.0,3000,138078.66089
85.0,87,138079.297993
56.0,1184,138372.692034
31.0,629,138377.711161
58.0,955,138620.683905
58.0,568,138625.326019
53.0,560,138629.245963
64.0,3000,139109.914047
27.0,3000,139347.627435
48.0,216,139348.965853
63.0,260,139351.014104
