#{"t_start": 1673705440.9279947, "env_id": "sokoban-turtle-v0"}
r,l,t
-11.0,36,2.766011
-22.0,46,3.379342
-12.0,45,4.258729
-12.0,47,4.621168
-4.0,37,17.949233
2.0,37,18.343956
-15.0,49,19.069219
-13.0,38,19.896773
8.0,44,20.758938
1.0,44,21.508022
-10.0,39,21.897961
-18.0,44,22.243851
-10.0,45,22.567291
-6.0,47,22.902871
-7.0,46,23.367829
7.0,35,23.712672
-12.0,50,24.368411
0.0,48,24.762661
-2.0,46,37.6134
-11.0,42,38.264682
4.0,33,38.63676
-21.0,46,39.154808
2.0,41,80.867698
-18.0,47,85.261313
-17.0,47,85.943636
-2.0,46,172.860353
-3.0,26,269.898633
10.0,50,270.330987
-16.0,45,270.679687
-2.0,50,271.119139
-4.0,39,271.768832
-20.0,45,272.119926
-8.0,53,272.479791
-16.0,38,272.725756
-8.0,41,273.410406
-5.0,62,273.950191
-21.0,40,274.28335
-6.0,42,274.595369
2.0,37,274.978228
-13.0,41,284.562936
-8.0,42,284.924276
-12.0,49,285.280427
3.0,54,286.01487
3.0,42,286.59552
-15.0,56,287.121605
-2.0,41,287.854451
-11.0,45,519.162354
-10.0,48,520.309343
-14.0,52,520.918338
-22.0,48,521.526448
21.0,46,522.1684
-20.0,42,523.033395
-7.0,46,523.731591
-22.0,49,524.735319
-2.0,51,547.620467
19.0,39,547.925291
3.0,52,555.481205
0.0,55,556.116302
-5.0,37,565.993415
-14.0,40,566.697313
-5.0,52,567.129258
-1.0,52,568.105156
8.0,51,568.679826
-7.0,43,569.107874
-14.0,42,569.581222
-10.0,42,570.395896
-4.0,50,571.596928
10.0,42,576.402181
-9.0,33,577.134411
-12.0,59,577.881583
-4.0,65,830.179221
-16.0,58,830.723216
1.0,40,859.59389
1.0,41,1020.812409
-10.0,58,1021.622618
-6.0,39,1022.246216
-4.0,45,1022.912816
-2.0,35,1158.256417
-10.0,41,1270.308546
6.0,40,1270.759333
-10.0,59,1283.366831
-10.0,47,1283.999211
1.0,43,1284.289368
-5.0,53,1366.992386
-1.0,48,1372.245934
-9.0,65,1372.978561
-7.0,35,1374.624765
-4.0,54,1375.076073
-8.0,51,1375.61675
-12.0,37,1375.913796
5.0,51,1602.416758
-12.0,35,1602.891587
-14.0,36,1603.648908
-7.0,31,1603.920716
-1.0,38,1604.572068
-9.0,37,1604.959836
11.0,44,1605.472819
15.0,42,1605.943623
-17.0,37,1606.270122
-5.0,41,1606.724931
8.0,43,1607.038459
1.0,53,1607.448285
1.0,29,1607.784157
-11.0,36,1608.19529
10.0,43,1638.342543
18.0,43,1664.722744
-5.0,58,1691.027277
-3.0,35,1768.75782
6.0,47,1769.226986
1.0,35,1769.863231
9.0,39,1770.682527
-5.0,61,1775.894993
5.0,45,1805.820905
-4.0,51,1806.367338
-6.0,53,1807.375966
-4.0,51,1807.957045
-20.0,51,1808.415922
-10.0,39,1809.13906
4.0,33,1809.799861
15.0,42,1810.514733
-4.0,36,1810.925874
-10.0,45,1905.264188
-6.0,49,2023.285078
5.0,38,2023.791723
6.0,60,2024.825934
0.0,45,2025.474793
-1.0,32,2025.991921
0.0,35,2026.417414
2.0,34,2026.696073
2.0,39,2027.171526
8.0,61,2027.60772
-2.0,63,2028.047864
4.0,55,2028.476415
-8.0,56,2029.03458
4.0,36,2029.449562
9.0,38,2029.756757
-18.0,42,2030.192828
5.0,43,2267.815032
10.0,34,2268.330139
2.0,43,2268.693312
-10.0,33,2269.244341
3.0,51,2269.948857
16.0,59,2271.528929
-9.0,35,2272.036095
0.0,36,2272.956048
10.0,50,2273.943753
-10.0,32,2274.315444
-2.0,53,2311.949576
-5.0,48,2312.450504
1.0,54,2312.932533
12.0,54,2314.516678
6.0,46,2314.891208
-9.0,40,2315.231761
0.0,38,2333.670179
1.0,55,2412.625766
4.0,34,2631.217372
2.0,42,2722.263693
0.0,53,2723.360238
-5.0,53,2724.217916
5.0,42,2725.18428
6.0,58,2726.338031
-4.0,44,2726.77803
-6.0,43,2727.224516
21.0,39,2727.78598
-4.0,60,2759.009114
-26.0,63,2782.393106
-7.0,44,2847.252759
13.0,49,2847.995533
3.0,58,2849.016628
0.0,53,2849.44611
9.0,38,2849.92713
-1.0,34,2850.263509
1.0,52,2850.628549
0.0,40,2851.327378
0.0,41,3038.22184
-9.0,43,3038.767562
0.0,52,3039.370054
4.0,41,3046.389846
-4.0,52,3090.5799
-4.0,41,3091.181983
5.0,48,3091.735442
-10.0,33,3092.45094
0.0,42,3353.458945
-1.0,40,3353.982002
4.0,37,3354.580458
-4.0,45,3355.657743
2.0,54,3402.622779
3.0,34,3525.581709
-4.0,53,3656.05877
11.0,40,3656.665825
-2.0,26,3657.116804
5.0,45,3658.185119
5.0,54,3659.516381
6.0,29,3659.751133
-9.0,60,3845.926023
0.0,27,3846.150275
4.0,42,3847.208574
8.0,69,3848.22867
19.0,47,3848.949068
-10.0,42,3849.872289
0.0,37,3856.485339
0.0,36,3857.128654
4.0,43,3857.531351
5.0,71,3859.155871
9.0,57,3860.789489
0.0,48,3861.620078
0.0,36,3861.91569
-6.0,44,3862.501711
-16.0,48,3863.065764
-6.0,32,3889.666018
-6.0,38,3890.668767
-5.0,50,3891.50799
5.0,49,3892.116124
9.0,37,3892.727877
2.0,56,3893.438961
10.0,39,3894.303501
0.0,56,3981.702982
2.0,60,4012.449143
25.0,44,4013.286584
4.0,60,4014.100831
6.0,37,4014.696495
11.0,54,4021.464757
14.0,38,4069.218648
1.0,37,4262.834103
9.0,39,4332.334341
6.0,39,4332.830603
-9.0,42,4333.148878
13.0,56,4630.755374
5.0,46,4631.396971
11.0,47,4676.547905
5.0,34,4677.85793
13.0,36,4694.380406
-1.0,40,4695.098816
4.0,45,4695.909759
11.0,39,4696.734338
0.0,48,4697.455149
5.0,50,4698.054769
10.0,30,4766.763315
16.0,54,4767.727694
0.0,48,4769.077981
3.0,40,4770.135666
14.0,38,4909.301815
10.0,31,5059.167929
0.0,42,5059.5869
4.0,46,5060.162858
-10.0,51,5152.211451
3.0,53,5152.770427
15.0,50,5153.402509
-3.0,32,5154.072921
9.0,54,5154.859727
0.0,32,5155.644416
10.0,42,5179.55921
4.0,45,5180.42115
18.0,53,5181.573504
5.0,36,5181.955594
9.0,51,5182.686846
-1.0,46,5184.459808
1.0,49,5185.30161
-3.0,45,5186.669988
2.0,46,5187.220594
-6.0,28,5188.304702
-4.0,43,5194.279776
1.0,41,5195.03162
19.0,44,5196.243416
0.0,36,5196.927052
-5.0,52,5198.219035
0.0,45,5199.061316
-4.0,41,5247.186102
6.0,49,5254.349173
0.0,35,5254.767417
5.0,36,5256.01199
-10.0,42,5259.487151
7.0,29,5259.71831
5.0,59,5260.214545
3.0,35,5260.610418
8.0,43,5556.827807
6.0,47,5557.933114
5.0,37,5558.387665
3.0,40,5559.094519
0.0,44,5559.70813
10.0,52,5560.274079
17.0,44,5560.856414
5.0,42,5576.720905
10.0,38,5577.411128
13.0,38,5578.035351
15.0,48,5579.049995
11.0,42,5604.652408
12.0,36,5641.397125
5.0,45,5668.173455
5.0,39,5766.920453
0.0,42,5767.448444
0.0,42,5768.468855
8.0,48,5775.452491
-7.0,45,5775.982144
3.0,36,5776.628346
14.0,39,5777.524501
6.0,43,5807.683278
2.0,44,5828.1226
19.0,57,5829.043928
3.0,42,5829.912328
4.0,56,5830.491017
-1.0,33,5830.902288
14.0,31,5831.207684
6.0,59,5832.019224
6.0,39,5832.596457
0.0,36,5833.071841
-4.0,42,5897.10446
3.0,36,5954.464499
6.0,36,5955.302809
7.0,40,5956.019904
8.0,47,5956.878788
4.0,58,6071.363965
-1.0,38,6150.77317
2.0,39,6151.243876
25.0,39,6151.853208
4.0,55,6159.034003
-6.0,42,6159.625584
-4.0,34,6160.880242
11.0,46,6161.703099
15.0,46,6162.422082
2.0,29,6167.824034
-1.0,33,6174.682644
-4.0,61,6175.804492
0.0,37,6471.716101
15.0,54,6472.91105
-2.0,48,6474.343069
1.0,41,6475.47431
0.0,30,6476.092773
-4.0,36,6544.398075
14.0,45,6578.105955
2.0,53,6579.462848
15.0,43,6596.08152
14.0,46,6596.916224
6.0,32,6597.588274
4.0,54,6598.353932
0.0,32,6598.889933
8.0,54,6629.450159
29.0,69,6644.112468
4.0,53,6670.411333
13.0,39,6717.587371
30.0,48,6755.223437
6.0,49,6756.084636
10.0,38,6756.725193
6.0,45,6757.169667
7.0,47,6854.137118
-1.0,68,6855.002588
10.0,41,6855.316623
25.0,48,6872.587379
6.0,62,6875.268863
-1.0,33,6875.89822
8.0,39,6876.565581
22.0,46,6877.110312
5.0,48,6877.788103
15.0,38,6878.60344
14.0,36,6879.386854
3.0,38,6879.891313
5.0,61,6880.484171
9.0,57,6881.195561
8.0,41,6881.67503
13.0,50,6904.56795
7.0,41,6905.484787
-5.0,40,6906.36346
6.0,37,6926.398145
4.0,67,6927.034008
19.0,41,6927.430662
4.0,63,6928.147406
8.0,54,6928.95566
20.0,37,7256.479391
14.0,51,7257.839174
-6.0,45,7258.611231
2.0,45,7260.021618
3.0,38,7310.209012
-2.0,45,7311.432008
10.0,70,7393.043316
3.0,35,7393.499668
19.0,42,7393.959307
6.0,45,7394.561283
4.0,47,7394.968665
15.0,59,7395.432095
4.0,42,7396.398587
22.0,45,7404.80541
15.0,41,7405.56097
-2.0,57,7406.111061
10.0,49,7406.638721
-2.0,50,7407.290568
19.0,63,7408.82628
12.0,43,7409.587893
22.0,41,7410.125317
14.0,52,7411.882941
20.0,40,7412.563348
16.0,39,7495.037894
4.0,44,7495.781918
15.0,40,7565.012891
4.0,40,7566.07522
0.0,48,7566.746645
14.0,59,7567.35129
5.0,41,7568.183207
5.0,40,7569.353003
-1.0,54,7570.430045
14.0,38,7571.31132
-1.0,50,7572.249237
-3.0,41,7573.132358
0.0,36,7598.960825
25.0,46,7599.776252
-2.0,33,7600.217379
26.0,53,7600.950158
20.0,49,7624.521399
8.0,40,7625.512038
-11.0,34,7625.982992
14.0,33,7626.287993
14.0,56,7626.718491
-6.0,51,7627.572759
25.0,69,7968.347353
9.0,61,8080.481055
2.0,56,8103.204643
6.0,47,8104.412625
10.0,48,8105.537538
12.0,51,8133.495743
14.0,45,8163.454651
15.0,60,8164.285511
-1.0,40,8183.757274
5.0,42,8184.381552
19.0,50,8184.88874
0.0,36,8224.716874
0.0,40,8225.340024
14.0,44,8226.422065
14.0,43,8227.127377
18.0,42,8228.125822
6.0,33,8228.591949
20.0,42,8229.596218
20.0,52,8230.216429
15.0,44,8231.099645
10.0,47,8244.922111
3.0,57,8323.792501
11.0,44,8324.358629
0.0,41,8325.155852
3.0,49,8347.338431
5.0,41,8348.178227
7.0,89,8349.972921
14.0,47,8350.50735
12.0,46,8351.195931
12.0,51,8352.215203
-2.0,35,8352.5136
-4.0,35,8353.177643
0.0,39,8353.929118
-2.0,39,8354.766073
0.0,41,8355.759946
11.0,43,8356.652352
1.0,50,8392.047645
6.0,54,8392.780752
21.0,47,8429.484426
10.0,38,8429.938346
6.0,37,8430.75655
12.0,54,8431.726714
-1.0,73,8433.005539
6.0,38,8723.01773
8.0,36,8723.788948
10.0,38,8724.778517
9.0,53,8726.380061
4.0,39,8726.677249
25.0,36,8727.114612
-2.0,58,8902.739549
8.0,40,8903.472852
16.0,50,8904.616556
23.0,44,8905.716435
14.0,42,8906.417248
5.0,34,8906.898685
21.0,55,8962.652575
11.0,47,8963.748253
11.0,51,8964.861668
8.0,35,8965.626925
8.0,57,8968.756463
14.0,61,8970.242323
8.0,37,8970.715148
24.0,38,8971.589595
14.0,33,8975.472079
10.0,52,9030.854356
23.0,70,9031.658636
-1.0,57,9032.747751
6.0,56,9033.652781
4.0,41,9034.933428
17.0,57,9035.591511
19.0,53,9051.505746
37.0,62,9052.585181
17.0,70,9053.841677
9.0,42,9091.941958
6.0,43,9092.726675
14.0,43,9222.048458
0.0,49,9222.886078
0.0,61,9416.062832
9.0,41,9416.665685
17.0,68,9418.527417
14.0,51,9420.119719
-4.0,46,9420.644531
5.0,45,9421.228775
30.0,57,9892.179351
4.0,42,10036.252053
-5.0,65,10331.579141
-6.0,59,10526.32324
12.0,50,10548.286084
21.0,56,10549.621441
12.0,38,10550.72232
10.0,47,10582.40908
3.0,56,10583.420974
7.0,36,10584.270858
19.0,56,10626.637206
2.0,38,10660.901443
11.0,48,10670.000479
26.0,51,10670.930485
9.0,52,10671.830387
12.0,45,10673.261448
8.0,43,10674.029775
7.0,42,10674.60745
18.0,75,10682.796785
8.0,55,10684.11081
5.0,49,10685.215292
8.0,69,10686.667059
6.0,43,10687.377603
14.0,44,10707.649352
9.0,67,10709.273993
15.0,58,10710.687564
10.0,38,10784.071057
4.0,57,10785.039568
20.0,57,10825.104239
21.0,52,10825.643419
15.0,51,10826.180359
10.0,42,10827.774173
4.0,45,10844.708913
41.0,48,10845.731442
3.0,67,10847.304449
4.0,39,10850.940638
2.0,67,10883.734367
22.0,51,10884.589536
45.0,52,10885.933506
14.0,50,10905.457916
5.0,46,10954.04389
8.0,50,10954.792052
4.0,55,11250.937636
15.0,46,11251.801515
22.0,50,11253.406733
19.0,48,11278.539853
15.0,57,11279.626553
13.0,66,11280.895509
14.0,44,11281.622654
4.0,28,11336.253139
16.0,52,11415.297028
14.0,51,11507.625196
30.0,50,11508.661168
7.0,46,11612.928762
19.0,60,11614.169021
32.0,57,11615.190954
20.0,45,11632.35949
3.0,61,11633.665317
23.0,57,11634.74158
10.0,44,11690.880211
4.0,35,11847.63013
-2.0,44,11848.185514
23.0,54,11849.63772
17.0,43,11850.445317
6.0,45,11969.663642
2.0,59,11978.940726
17.0,40,11979.477911
15.0,34,12052.912106
22.0,48,12054.020968
-2.0,47,12055.323896
2.0,40,12067.886781
8.0,32,12068.473926
19.0,51,12126.040942
-10.0,51,12126.657247
23.0,58,12128.874948
-1.0,48,12129.68411
7.0,56,12130.776116
26.0,45,12131.542527
2.0,42,12133.281202
12.0,44,12134.460909
4.0,51,12135.296813
12.0,41,12138.324999
26.0,61,12139.272546
4.0,50,12140.189675
16.0,61,12431.690305
9.0,41,12436.520413
13.0,67,12540.89549
16.0,48,12541.735047
19.0,38,12542.212163
22.0,51,12542.747185
12.0,59,12543.59408
25.0,53,12544.426303
18.0,67,12553.705609
-3.0,55,12554.982207
8.0,54,12555.808431
15.0,51,12556.597311
8.0,39,12557.851066
24.0,48,12558.851714
-4.0,41,12559.31781
10.0,47,12560.129312
13.0,68,12561.845131
-4.0,82,12565.272675
23.0,55,12572.879149
23.0,44,12573.29466
24.0,46,12573.88146
19.0,51,12592.037647
9.0,59,12592.957477
4.0,73,12919.843285
8.0,71,13036.648151
12.0,42,13039.563368
5.0,55,13047.483876
16.0,46,13157.318496
10.0,55,13158.635241
-1.0,51,13165.402078
-2.0,52,13176.36918
22.0,65,13178.073578
12.0,67,13301.479282
4.0,46,13302.555435
18.0,79,13303.831825
19.0,69,13415.754756
14.0,45,13416.420496
23.0,60,13432.195736
19.0,67,13728.905311
13.0,56,13751.044488
25.0,44,13752.015871
28.0,78,13780.607954
5.0,40,13781.215951
23.0,60,13804.185002
3.0,53,13805.484282
16.0,44,13806.309248
30.0,62,13807.123823
8.0,52,13823.810442
6.0,39,13824.733928
28.0,48,13825.408255
8.0,68,13826.844063
20.0,59,13828.983087
6.0,54,13848.048602
-6.0,47,13848.780882
31.0,59,13874.218349
16.0,60,13983.935354
17.0,57,14074.586865
6.0,73,14198.55776
30.0,52,14382.368206
10.0,37,14425.244797
27.0,54,14427.240425
22.0,54,14428.217463
2.0,59,14429.790846
22.0,69,14611.793783
14.0,50,14612.475721
19.0,66,14624.824601
21.0,57,14625.50863
18.0,59,14627.00192
37.0,53,14627.657639
25.0,61,14628.471021
21.0,50,14628.837874
20.0,76,14630.233875
35.0,52,14630.696203
13.0,40,14631.027539
18.0,70,14952.417917
2.0,52,14953.194482
19.0,67,14954.130889
14.0,43,14981.609972
12.0,51,14982.315852
21.0,58,15059.551668
16.0,64,15061.069039
37.0,56,15062.317658
9.0,63,15169.135993
32.0,56,15172.408854
17.0,49,15172.971974
21.0,77,15198.709587
13.0,45,15285.930489
31.0,65,15286.960582
19.0,96,15484.252564
23.0,76,15549.828992
33.0,49,15575.92486
11.0,54,15598.175219
25.0,56,15613.692174
-6.0,43,15614.597625
3.0,58,15615.364027
1.0,62,15629.22523
26.0,49,15847.510164
13.0,69,15890.927557
7.0,51,15930.781986
20.0,81,15981.292125
12.0,55,15982.544803
25.0,51,15983.929448
9.0,54,15985.077027
44.0,62,16004.073548
18.0,56,16005.193502
41.0,70,16006.606731
15.0,56,16074.995828
38.0,64,16089.461991
17.0,69,16452.153095
47.0,61,16453.537107
13.0,79,16456.3002
22.0,69,16457.515734
26.0,65,16528.635411
8.0,48,16529.389943
4.0,40,16530.34251
13.0,67,16554.579732
39.0,65,16555.476333
9.0,31,16556.185356
5.0,57,16691.766618
-2.0,57,16697.802828
27.0,88,16788.293117
24.0,53,16810.13069
30.0,75,16828.960621
6.0,70,16830.95981
22.0,56,16831.958399
22.0,53,16833.144783
17.0,67,16834.596528
22.0,80,16916.852041
19.0,74,16918.303869
0.0,37,16919.192594
6.0,97,16920.430058
28.0,58,16949.650118
16.0,53,16976.196884
23.0,62,16977.153539
12.0,63,17014.700251
31.0,57,17099.508235
22.0,69,17100.671249
28.0,56,17104.762842
9.0,60,17105.895981
10.0,78,17136.482723
18.0,61,17177.149093
2.0,55,17493.46515
22.0,59,17494.106147
10.0,68,17498.546824
13.0,40,17499.342291
19.0,63,17500.787037
33.0,49,17502.360034
9.0,76,17530.728339
37.0,60,17531.407646
19.0,53,17534.833702
31.0,48,17535.640417
25.0,77,17538.106487
11.0,58,17589.411708
11.0,81,17612.49366
33.0,57,17627.3727
13.0,72,17628.47566
24.0,57,17629.122551
27.0,54,17679.593709
13.0,61,17692.132587
-5.0,47,17757.558256
21.0,58,17788.674274
29.0,49,17789.405492
8.0,62,17790.852498
11.0,50,17791.652583
26.0,68,17792.682972
29.0,63,17806.849984
28.0,49,17811.062695
5.0,85,17827.772199
10.0,55,17920.645798
-1.0,76,18017.948603
8.0,70,18078.467525
-2.0,52,18099.617857
8.0,103,18135.384234
9.0,92,18136.868347
15.0,38,18426.739723
4.0,37,18427.575184
18.0,64,18428.888364
30.0,63,18430.073813
18.0,44,18431.235674
17.0,58,18451.884199
8.0,35,18463.858495
23.0,43,18467.220749
27.0,52,18468.415107
12.0,63,18488.616791
15.0,67,18489.54457
9.0,59,18505.09857
33.0,66,18506.029466
11.0,98,18534.29349
17.0,69,18573.093689
14.0,66,18574.062567
32.0,62,18574.779304
15.0,80,18632.323236
36.0,70,18663.644702
11.0,51,18664.295912
24.0,51,18738.369961
17.0,94,18782.469522
15.0,75,18798.220418
13.0,58,18799.437346
2.0,86,18800.772698
16.0,71,18819.353472
21.0,61,18820.126725
24.0,49,18820.560208
11.0,70,18868.917312
10.0,76,18917.277204
11.0,66,18926.993669
10.0,76,18980.613594
17.0,67,19276.810295
3.0,79,19279.868874
26.0,55,19280.610696
11.0,56,19281.277562
15.0,81,19302.396232
33.0,66,19304.142012
45.0,57,19355.151978
22.0,94,19358.531925
18.0,41,19372.690744
31.0,66,19382.874411
23.0,55,19383.968619
20.0,61,19386.107302
24.0,69,19387.54059
15.0,68,19389.039313
15.0,57,19390.273061
12.0,91,19520.572063
12.0,86,19524.94784
20.0,67,19526.023396
14.0,81,19528.41916
36.0,40,19575.700939
25.0,53,19729.028177
19.0,65,19730.23628
8.0,56,19731.642625
23.0,64,19779.053359
22.0,54,19779.652199
16.0,71,19904.273947
14.0,52,19924.826703
6.0,68,19934.362932
7.0,48,19970.952214
27.0,72,19991.085559
26.0,72,19995.663109
24.0,46,19996.859817
33.0,68,20295.8337
32.0,60,20307.348552
30.0,69,20382.166048
29.0,58,20393.082151
13.0,91,20394.437633
16.0,105,20417.051401
35.0,67,20612.929282
30.0,84,20614.724432
26.0,83,20697.653953
23.0,75,20699.338039
25.0,75,20715.465383
42.0,81,20719.976821
8.0,72,20721.817686
21.0,72,20833.283704
22.0,74,20862.07266
18.0,73,20917.202261
9.0,47,21138.570812
23.0,71,21234.241889
22.0,107,21236.268601
26.0,66,21369.679343
12.0,59,21445.109
13.0,56,21446.01268
19.0,39,21446.765212
17.0,82,21539.996918
32.0,92,21567.326051
1.0,92,21568.658565
17.0,55,21590.112846
24.0,52,21591.406111
15.0,81,21945.790022
22.0,86,21949.150741
22.0,60,21965.713676
26.0,81,21966.723553
23.0,63,21980.175365
26.0,66,21981.625405
14.0,70,22018.812405
26.0,77,22058.073426
39.0,52,22060.944496
17.0,85,22078.372914
34.0,49,22080.241893
25.0,75,22139.24369
39.0,49,22140.135463
14.0,64,22141.165873
19.0,57,22142.160124
23.0,61,22220.895004
3.0,84,22235.862127
13.0,78,22237.319796
4.0,83,22243.953109
33.0,60,22245.12762
17.0,80,22278.254789
14.0,57,22286.152902
32.0,75,22287.26386
17.0,45,22288.153579
32.0,64,22291.003791
19.0,49,22291.568395
20.0,51,22312.946449
30.0,71,22345.613327
16.0,101,22396.734409
28.0,70,22398.658062
21.0,70,22693.254668
24.0,70,22727.585903
32.0,74,22730.334506
26.0,80,22756.234784
15.0,86,22758.105438
3.0,59,22759.072912
30.0,83,22764.874033
26.0,98,22766.835055
20.0,73,22780.688374
16.0,99,22789.341354
19.0,102,22791.113994
14.0,53,22792.272496
4.0,63,22855.080447
38.0,62,22868.451512
14.0,49,22881.969151
27.0,58,22884.950079
32.0,68,22906.347598
12.0,95,22944.565071
7.0,75,23008.918633
16.0,64,23123.666889
12.0,59,23230.305492
41.0,65,23265.487349
23.0,107,23291.274073
12.0,74,23297.302852
20.0,84,23561.649023
24.0,100,23577.393407
26.0,60,23578.289094
9.0,71,23579.521894
35.0,176,23886.414026
29.0,94,23914.505716
17.0,71,23915.897177
8.0,97,23946.313686
23.0,75,24013.062486
15.0,48,24055.200833
27.0,66,24068.468348
10.0,76,24104.22003
22.0,55,24118.879582
17.0,59,24124.978158
20.0,62,24126.155267
23.0,62,24137.611809
11.0,127,24188.309315
45.0,74,24214.529826
18.0,81,24255.481547
22.0,78,24275.665016
35.0,66,24309.30489
42.0,93,24399.652817
31.0,84,24401.272803
23.0,49,24422.964088
12.0,81,24467.59158
12.0,52,24473.226269
-4.0,90,24475.400125
19.0,111,24477.345851
64.0,84,24478.768911
12.0,68,24778.732947
21.0,90,24872.270622
34.0,75,24900.645015
15.0,79,24936.860872
31.0,73,24937.617525
31.0,90,24976.291101
18.0,66,25052.745056
18.0,77,25098.408301
34.0,51,25099.499055
8.0,52,25125.584518
45.0,99,25127.632912
23.0,169,25212.600707
15.0,96,25226.174883
8.0,62,25237.858443
32.0,81,25296.831604
30.0,81,25298.923951
19.0,86,25301.7358
14.0,84,25309.10877
41.0,68,25381.273731
11.0,59,25403.798606
28.0,69,25405.573955
18.0,141,25408.281928
24.0,87,25411.242554
15.0,61,25412.394693
18.0,54,25413.814711
16.0,111,25763.349812
14.0,102,25766.372862
6.0,101,25768.371373
35.0,71,25770.474609
20.0,119,25782.158747
18.0,79,25900.953674
20.0,94,25918.481468
22.0,77,25920.632043
24.0,91,25933.346684
9.0,96,25978.964908
26.0,51,25990.253558
29.0,129,26110.29663
35.0,70,26132.598242
21.0,116,26194.007108
27.0,91,26218.43872
31.0,118,26305.292063
40.0,60,26306.596629
11.0,73,26307.692278
19.0,84,26314.181328
30.0,74,26346.842664
24.0,89,26369.110453
17.0,96,26397.594561
4.0,70,26399.538024
21.0,97,26699.359676
34.0,141,26758.551308
81.0,40,26845.349381
37.0,69,26861.233971
32.0,73,26863.438972
23.0,107,26934.011873
40.0,66,26935.113286
41.0,63,26937.121411
11.0,107,26940.605066
31.0,103,27014.177356
29.0,74,27052.683534
25.0,102,27055.668075
22.0,97,27057.528487
19.0,88,27112.264755
26.0,91,27115.817513
21.0,88,27120.735131
20.0,95,27178.891882
31.0,78,27192.86219
16.0,96,27236.853275
13.0,124,27270.106546
29.0,51,27311.149641
44.0,49,27316.315381
42.0,56,27319.330444
18.0,69,27355.93966
22.0,75,27366.53182
27.0,97,27731.738324
14.0,95,27734.767348
32.0,90,27737.294609
28.0,117,27795.927245
38.0,88,27808.439249
22.0,352,27867.018539
27.0,142,27894.710253
22.0,104,27917.367626
21.0,86,27985.974449
31.0,91,28021.313999
16.0,87,28031.743017
18.0,57,28032.708988
38.0,94,28035.074789
37.0,90,28117.15914
24.0,99,28138.506565
40.0,84,28140.00046
11.0,119,28193.665208
20.0,90,28241.693894
52.0,85,28540.505885
12.0,68,28542.350546
16.0,74,28543.316387
27.0,55,28551.181156
32.0,65,28552.09206
12.0,95,28554.144583
4.0,91,28555.391394
0.0,95,28557.658092
33.0,112,28801.677927
23.0,133,28819.589634
19.0,106,28841.228208
33.0,80,28913.524582
29.0,81,28915.648166
37.0,78,28972.010552
17.0,96,29028.97967
15.0,73,29032.591471
19.0,76,29057.64159
26.0,92,29212.081527
27.0,126,29261.391334
39.0,78,29275.211506
21.0,81,29281.597065
34.0,92,29298.007895
31.0,151,29377.928531
34.0,50,29691.880634
46.0,62,29693.944027
-1.0,121,29724.456334
11.0,82,29725.742772
29.0,72,29780.709361
32.0,68,29783.173969
7.0,101,29825.922055
15.0,94,29887.904831
30.0,154,29987.2983
28.0,95,29991.249671
14.0,243,30012.114707
16.0,135,30055.853916
33.0,79,30060.495083
15.0,116,30102.194559
30.0,123,30120.650104
23.0,326,30202.23454
28.0,92,30241.593079
29.0,83,30537.193221
23.0,103,30539.595292
46.0,54,30541.559355
56.0,122,30564.615073
23.0,67,30579.512878
4.0,112,30581.71009
18.0,187,30844.283753
43.0,122,30847.900584
32.0,82,30903.739396
52.0,71,30905.980278
34.0,66,30919.406239
4.0,136,30961.018106
21.0,75,30969.911817
22.0,88,30994.427279
18.0,97,31071.238559
6.0,235,31166.322531
20.0,85,31172.025143
34.0,98,31177.566139
16.0,125,31200.326707
17.0,79,31239.467459
29.0,53,31532.194989
18.0,139,31572.712102
5.0,129,31578.560757
63.0,63,31613.7746
29.0,129,31616.43249
44.0,71,31617.760963
22.0,74,31641.505274
14.0,119,31688.389112
18.0,100,31690.562424
24.0,125,31708.500976
36.0,133,31778.231065
11.0,196,31861.241956
47.0,81,31864.37659
28.0,63,31865.055248
43.0,61,31866.558179
30.0,116,31870.012655
27.0,58,31913.14041
10.0,107,31961.705539
7.0,74,31981.045771
11.0,162,32090.444452
26.0,98,32483.049799
46.0,372,32593.283468
24.0,143,32639.791229
46.0,119,32647.785572
33.0,118,32651.985105
31.0,107,32657.606241
20.0,42,32696.281306
25.0,74,32698.262015
43.0,94,32763.074047
25.0,114,32779.634226
36.0,113,32792.832158
33.0,98,32876.656017
37.0,78,32912.847801
55.0,111,32955.646366
15.0,100,33005.296022
31.0,83,33053.670212
9.0,81,33089.470084
12.0,217,33389.604361
13.0,124,33521.264681
26.0,94,33522.865531
27.0,166,33559.089845
4.0,109,33563.333622
22.0,177,33599.612398
46.0,112,33628.501645
30.0,122,33686.571685
32.0,75,33696.903916
6.0,171,33835.781783
26.0,124,33842.955943
42.0,91,33870.32768
38.0,115,33880.847313
33.0,84,33921.14796
26.0,256,33982.544118
25.0,144,34013.061242
14.0,83,34314.601545
30.0,87,34316.591522
30.0,62,34368.719786
27.0,132,34373.984763
27.0,133,34408.46089
31.0,75,34411.035721
25.0,91,34413.93328
19.0,104,34415.668464
11.0,165,34488.363883
39.0,169,34563.325647
10.0,194,34637.275531
50.0,120,34654.384857
11.0,459,34743.27214
31.0,76,34833.567583
44.0,98,34881.997457
24.0,68,35181.490694
8.0,169,35190.25964
18.0,89,35204.386806
31.0,97,35334.984465
38.0,108,35450.370895
6.0,117,35455.647863
10.0,105,35471.729946
18.0,82,35473.376777
36.0,97,35483.201177
30.0,106,35531.526495
23.0,176,35555.493791
32.0,113,35614.593423
18.0,98,35620.882918
28.0,66,35671.300169
5.0,186,35677.928271
39.0,101,35687.430328
22.0,116,35696.59327
18.0,187,36006.40774
39.0,81,36008.143754
42.0,78,36009.717836
38.0,95,36115.661487
29.0,81,36117.946871
31.0,101,36121.256605
36.0,208,36154.764122
32.0,235,36163.147929
44.0,59,36168.084033
28.0,99,36197.744942
14.0,260,36242.592057
43.0,102,36375.866055
23.0,152,36496.515117
22.0,171,36528.068908
42.0,220,36563.725408
30.0,117,36905.224209
36.0,128,36980.362472
27.0,95,37080.729389
41.0,136,37083.892879
25.0,164,37149.904908
32.0,72,37168.683644
27.0,213,37202.745914
31.0,79,37280.345061
13.0,125,37340.023634
31.0,115,37343.987767
32.0,118,37380.166961
36.0,79,37388.628531
23.0,72,37391.682237
31.0,103,37408.844059
44.0,69,37410.187299
43.0,114,37412.78797
44.0,93,37416.541347
49.0,90,37420.989717
49.0,76,37430.440074
22.0,150,37731.309217
18.0,80,37765.543163
19.0,155,37906.907794
27.0,177,37929.291186
9.0,133,37931.15893
23.0,76,37972.950257
15.0,100,37977.599108
46.0,418,38016.714513
18.0,89,38075.166969
31.0,57,38079.49673
26.0,227,38095.539385
28.0,92,38118.477728
27.0,80,38119.900687
20.0,144,38123.38287
40.0,93,38124.585543
31.0,95,38432.582433
47.0,118,38517.723888
21.0,272,38588.149415
40.0,64,38681.495415
14.0,141,38727.005831
56.0,103,38778.830506
21.0,114,38785.838595
31.0,206,38802.644653
19.0,98,38816.722013
22.0,104,38819.156665
17.0,242,38828.264978
32.0,63,38829.538797
20.0,91,38830.963658
22.0,88,38837.190639
23.0,99,38880.129935
25.0,108,38935.500329
35.0,129,39237.833931
32.0,986,39334.210187
28.0,113,39337.481227
59.0,83,39339.080986
35.0,95,39341.40926
24.0,98,39386.896365
27.0,163,39435.064162
25.0,210,39443.968343
35.0,86,39513.882565
27.0,108,39515.621929
29.0,61,39527.214931
24.0,296,40001.201406
29.0,128,40021.284084
13.0,47,40023.849709
25.0,240,40109.313174
31.0,129,40140.187385
17.0,129,40163.956091
41.0,105,40222.725133
57.0,109,40233.903127
152.0,98,40245.991512
9.0,379,40292.928604
8.0,202,40301.315555
13.0,150,40310.826927
51.0,143,40698.405276
35.0,77,40721.896101
37.0,75,40747.480271
34.0,244,40767.006711
19.0,110,40801.177944
34.0,273,40931.411135
47.0,87,40948.557678
17.0,94,40983.262852
22.0,209,41029.201789
40.0,122,41067.983608
29.0,157,41075.692038
7.0,136,41115.941155
32.0,66,41117.649097
12.0,125,41167.612262
16.0,104,41169.931737
40.0,56,41171.873304
15.0,266,41524.549012
18.0,118,41553.300889
35.0,79,41562.389554
23.0,199,41617.057951
8.0,299,41623.818216
24.0,94,41627.135125
26.0,93,41628.825145
44.0,110,41672.715347
14.0,312,41804.527743
14.0,153,41842.491709
33.0,114,41850.488181
23.0,141,41875.723074
35.0,124,42177.398753
57.0,153,42194.870499
18.0,181,42208.77459
24.0,59,42209.786197
19.0,111,42227.885283
51.0,119,42313.172788
19.0,118,42429.923481
16.0,211,42587.25559
28.0,115,42707.129884
20.0,97,42810.189373
28.0,84,42812.071403
27.0,296,42852.384064
47.0,160,42923.71844
7.0,109,43039.715366
28.0,128,43086.387607
2.0,238,43456.774934
12.0,198,43487.194277
11.0,265,43537.903498
29.0,108,43541.396018
123.0,81,43551.786853
22.0,111,43631.22191
42.0,118,43637.14249
29.0,67,43638.923271
28.0,100,43646.715186
37.0,88,43648.390664
23.0,298,43782.417998
42.0,105,43787.248707
42.0,124,43801.411441
30.0,72,43808.393506
21.0,46,43826.477286
21.0,607,44190.790568
13.0,154,44199.700684
39.0,203,44217.918475
34.0,111,44247.733151
24.0,273,44289.989184
21.0,166,44293.927982
31.0,213,44310.119224
33.0,128,44468.838017
29.0,94,44536.227168
24.0,273,44848.244411
15.0,165,44869.883163
54.0,246,44896.03408
24.0,256,44900.16123
19.0,427,44976.98683
24.0,144,45015.277994
38.0,159,45031.91523
11.0,162,45063.816439
19.0,299,45070.59113
21.0,93,45084.199413
32.0,422,45497.837354
45.0,158,45637.029693
12.0,217,45767.493033
30.0,157,45774.417231
50.0,109,45781.18231
26.0,142,45800.614373
3.0,1044,46481.721241
42.0,110,46613.35966
45.0,93,46618.07986
29.0,72,46618.873828
50.0,131,46621.949453
36.0,144,46638.271396
37.0,202,46722.165489
26.0,320,46752.822563
29.0,298,46840.019766
26.0,151,46890.488868
32.0,134,46904.727452
12.0,83,46986.190529
33.0,73,46988.429952
24.0,111,47257.832105
11.0,142,47262.517663
15.0,232,47298.611646
29.0,181,47369.255866
31.0,230,47396.798057
31.0,157,47401.675642
32.0,123,47457.434187
15.0,602,47565.952413
48.0,168,47570.068637
20.0,86,47598.225692
48.0,187,47870.435973
32.0,97,47887.655705
46.0,197,47962.013223
23.0,287,48106.94239
42.0,186,48113.169673
43.0,100,48145.620167
60.0,261,48152.014056
22.0,341,48252.172508
18.0,563,48677.115204
30.0,119,48680.581168
12.0,116,48682.943331
50.0,179,48708.197932
31.0,154,48738.304703
30.0,75,48789.58922
16.0,92,48804.894458
16.0,170,48833.215907
31.0,57,48834.701301
31.0,127,48839.351416
21.0,210,48850.883631
32.0,137,48875.529632
19.0,244,48974.549473
40.0,277,49267.478266
62.0,121,49331.176925
21.0,368,49343.901492
40.0,109,49345.756582
35.0,77,49348.218584
18.0,1082,49477.841365
27.0,157,49519.820491
39.0,94,49523.178972
46.0,74,49793.510774
27.0,104,49796.978517
38.0,174,49820.426823
26.0,227,49835.601928
60.0,252,49886.738272
32.0,154,49915.989038
36.0,114,49920.27272
38.0,199,50002.653932
3.0,195,50021.497297
23.0,109,50023.338276
43.0,96,50029.437537
33.0,129,50032.821584
28.0,83,50033.908391
20.0,75,50048.455768
16.0,759,50473.803105
8.0,1419,50937.878512
23.0,532,50993.302631
59.0,214,51079.720866
20.0,123,51082.250022
12.0,479,51117.904806
31.0,152,51187.866871
40.0,144,51256.481143
15.0,77,51259.516064
39.0,130,51301.460484
39.0,181,51618.778754
15.0,335,51706.153356
24.0,272,51782.036141
13.0,303,51979.964634
14.0,226,52027.03824
22.0,146,52075.463336
36.0,256,52156.313738
25.0,91,52159.38513
48.0,138,52162.096479
19.0,658,52593.637279
46.0,189,52672.04622
22.0,77,52683.3516
24.0,320,52695.184863
9.0,205,52705.505786
18.0,174,52708.845019
26.0,227,52782.889596
30.0,149,52909.118478
24.0,134,52917.138602
38.0,186,53214.293381
15.0,102,53239.562386
21.0,513,53304.693975
12.0,315,53310.573855
7.0,328,53347.289012
47.0,176,53362.563071
62.0,120,53379.531986
43.0,73,53383.681749
27.0,215,53443.054646
14.0,204,53757.25588
29.0,176,53810.211449
9.0,99,53811.598111
29.0,94,53848.80906
19.0,102,53855.34234
20.0,377,53982.784801
23.0,268,54034.213264
1.0,1896,54700.345121
34.0,137,54730.169474
24.0,559,54996.969877
51.0,73,55006.010382
38.0,108,55021.534973
26.0,95,55064.98261
19.0,500,55408.129982
6.0,40,55408.61459
29.0,110,55438.199768
39.0,45,55439.085632
15.0,488,55508.780149
54.0,140,55512.600542
30.0,77,55536.662008
44.0,657,55603.063708
33.0,203,55879.77475
26.0,238,55882.128778
25.0,370,55913.908851
34.0,105,55919.477689
30.0,115,55928.371322
33.0,115,55930.38888
47.0,128,55932.315377
35.0,154,55975.151852
26.0,125,56033.560913
15.0,375,56244.74414
34.0,263,56628.660511
20.0,375,56694.028894
25.0,598,56977.79427
38.0,104,56979.291127
35.0,127,57047.235768
38.0,106,57053.320132
29.0,2000,57669.392502
18.0,148,57696.695497
32.0,219,57700.545167
32.0,78,57728.103526
46.0,156,57768.70293
36.0,107,57773.385186
19.0,96,58053.062676
8.0,166,58070.468047
35.0,122,58073.322718
45.0,116,58105.843405
41.0,189,58115.653138
14.0,280,58122.28606
36.0,284,58150.739181
36.0,172,58263.659485
32.0,143,58283.162265
36.0,175,58285.842615
30.0,91,58287.05774
40.0,209,58328.641059
24.0,68,58600.55748
27.0,116,58743.63739
55.0,106,58747.400852
32.0,353,58873.312613
29.0,156,58937.074093
30.0,165,58940.534847
17.0,278,58954.11011
32.0,113,58967.514482
45.0,85,59020.718918
48.0,101,59033.934149
22.0,117,59040.388471
35.0,153,59042.513557
25.0,525,59433.386991
28.0,508,59489.888789
26.0,145,59502.949579
32.0,233,59512.411373
25.0,82,59513.917051
22.0,206,59537.519238
48.0,135,59585.166669
14.0,600,59925.920406
18.0,79,59931.982776
12.0,1521,60129.467186
31.0,109,60169.366104
11.0,92,60170.359276
37.0,115,60265.359632
27.0,108,60539.602468
33.0,222,60599.063765
29.0,154,60645.671069
17.0,117,60672.176692
37.0,125,60682.558144
19.0,124,60840.206221
33.0,122,60855.429797
70.0,149,60860.082624
20.0,377,60915.887268
45.0,347,60993.79685
14.0,688,61657.187131
25.0,218,61662.775193
38.0,161,61675.091854
16.0,205,61677.912473
41.0,180,61690.377078
147.0,115,61703.021736
23.0,147,61704.53933
26.0,2000,62411.794754
29.0,193,62486.435434
23.0,154,62490.829662
5.0,194,62577.433707
22.0,169,62903.827663
52.0,143,62925.148561
26.0,113,62927.62913
52.0,296,62997.032972
54.0,108,63033.681283
16.0,144,63056.160124
29.0,156,63059.91137
42.0,865,63260.638228
23.0,177,63537.629625
37.0,190,63540.404696
26.0,181,63627.416795
26.0,191,63657.291037
22.0,147,63660.232558
37.0,180,63667.90819
30.0,79,63669.7915
20.0,249,63694.004422
30.0,202,63706.777651
16.0,2000,65204.030694
22.0,289,65257.461665
10.0,164,65260.321276
49.0,181,65558.446148
42.0,108,65588.684322
26.0,88,65635.519382
48.0,69,65680.599326
8.0,2000,66287.674938
23.0,98,66293.113549
26.0,285,66390.527479
15.0,211,66426.36368
67.0,117,66435.45552
18.0,323,66451.141555
47.0,263,66526.661173
46.0,480,66588.862882
63.0,237,66862.076237
12.0,243,66913.233208
43.0,429,67003.91214
41.0,118,67018.689456
39.0,149,67188.379114
8.0,234,67209.768771
14.0,357,67333.532984
4.0,166,67349.480606
54.0,126,67415.659914
24.0,283,67695.819422
29.0,73,67697.429546
28.0,139,67702.578859
35.0,104,67715.542025
-1.0,1165,67905.612815
23.0,304,67983.868035
42.0,110,68256.532945
29.0,262,68295.891852
40.0,161,68302.367629
32.0,120,68340.897897
33.0,64,68348.557527
17.0,237,68358.044642
47.0,83,68372.859318
43.0,82,68373.813855
41.0,276,68433.613964
22.0,198,68497.832536
27.0,134,68574.405656
26.0,290,68643.916195
29.0,164,68918.522968
41.0,195,68953.543303
16.0,144,68956.443691
61.0,126,68958.657444
38.0,213,69000.33871
28.0,216,69008.030221
21.0,75,69008.885595
48.0,141,69010.737579
29.0,168,69039.94651
16.0,489,69129.502769
34.0,258,69441.053414
33.0,162,69514.615488
58.0,108,69525.218486
22.0,568,69597.190743
56.0,130,69622.031231
23.0,341,69631.801398
12.0,1902,70184.637409
27.0,785,70634.851811
27.0,118,70642.886425
47.0,144,70680.089027
13.0,369,70718.012117
18.0,136,70727.114941
10.0,2000,71270.027539
35.0,283,71415.098207
29.0,169,71455.750412
51.0,135,71457.707561
14.0,396,71473.092643
32.0,200,71484.701981
42.0,208,71839.002064
34.0,128,71869.616646
18.0,238,71880.563517
35.0,290,71889.809314
35.0,155,71892.70794
4.0,508,71929.850266
24.0,1240,72445.592976
11.0,1587,73000.049858
0.0,2000,73582.330944
47.0,110,73624.113282
37.0,1379,73779.641061
25.0,196,73790.357326
35.0,245,73850.29777
26.0,1029,74201.754564
30.0,184,74216.673777
32.0,2000,74871.218402
54.0,751,74886.644082
19.0,149,74920.701343
39.0,463,75271.6496
41.0,778,75377.623936
32.0,190,75380.743346
35.0,163,75387.81836
23.0,119,75389.493236
30.0,352,75436.036078
32.0,275,75768.601768
41.0,208,75774.081214
31.0,184,75780.110924
37.0,448,75892.217381
26.0,251,75940.159676
18.0,339,75970.399045
37.0,243,75988.053603
23.0,483,76297.083243
17.0,862,76371.109987
29.0,153,76372.656768
22.0,654,76470.344506
25.0,102,76758.848906
36.0,89,76761.150773
16.0,444,76808.778598
39.0,283,76837.096521
34.0,305,76890.802728
26.0,351,76900.269035
46.0,258,77053.204485
29.0,494,77533.531272
12.0,169,77629.712529
15.0,293,77634.620787
51.0,143,77642.355145
22.0,177,77664.811166
16.0,873,77779.790117
20.0,66,77782.61869
29.0,117,78072.164349
26.0,488,78117.383881
63.0,156,78176.241617
39.0,247,78234.183664
47.0,147,78267.707592
21.0,194,78405.086797
23.0,2000,79166.476034
20.0,217,79206.954814
26.0,707,79537.280573
41.0,129,79541.232396
47.0,269,79550.848382
63.0,80,79556.681532
23.0,210,79582.853815
16.0,1805,80144.640985
44.0,516,80293.18715
16.0,166,80300.182714
34.0,1269,80689.121043
28.0,284,80739.556708
8.0,624,80755.090727
40.0,254,80772.79473
15.0,330,80800.708663
51.0,169,81089.444115
50.0,876,81162.894553
34.0,123,81197.408911
43.0,290,81345.167258
30.0,2000,82008.903724
13.0,211,82183.381124
30.0,499,82199.841378
43.0,240,82575.273773
19.0,378,82607.667528
35.0,198,82614.608145
37.0,397,82793.293208
33.0,220,82869.596193
15.0,66,82870.663641
26.0,115,82871.973502
28.0,131,82945.064975
23.0,159,82954.101187
24.0,179,83381.39546
36.0,224,83507.680398
31.0,184,83509.980976
53.0,86,83511.541837
47.0,100,83512.792221
22.0,204,83523.705502
42.0,166,83544.122844
13.0,88,83577.954993
46.0,93,83582.076663
26.0,71,83582.761759
15.0,2000,84278.707837
29.0,205,84285.655051
26.0,2000,85307.180462
30.0,166,85357.011248
25.0,74,85359.624017
20.0,99,85362.855059
-1.0,224,85433.229455
31.0,202,85731.427018
29.0,144,85738.525871
17.0,221,85744.247558
24.0,1023,85950.486068
17.0,195,85953.136637
20.0,185,85955.205384
34.0,156,85961.433973
53.0,128,86241.4275
13.0,247,86273.397244
31.0,189,86275.912737
16.0,138,86277.481772
11.0,1306,86495.357116
83.0,119,86835.933319
34.0,178,86848.0247
21.0,80,86868.937176
32.0,645,86898.231004
34.0,321,86907.275367
14.0,340,86989.960024
53.0,212,87271.338685
24.0,160,87311.174304
22.0,996,87704.223089
20.0,170,87820.307027
18.0,411,87880.35292
56.0,214,88007.948907
30.0,263,88139.382997
46.0,810,88484.905072
19.0,66,88487.060226
15.0,2000,89116.527355
26.0,672,89301.230365
32.0,452,89334.704484
37.0,1167,90001.281393
31.0,286,90035.025022
16.0,816,90430.726254
74.0,121,90452.167352
29.0,477,90598.052078
14.0,964,90862.226647
13.0,328,90906.062614
31.0,423,91281.137718
47.0,105,91282.599961
34.0,143,91290.246618
31.0,99,91312.16732
56.0,244,91330.458971
10.0,175,91332.914828
39.0,384,91362.621184
28.0,997,91713.562026
32.0,564,91768.395124
22.0,1263,92337.718203
80.0,375,92408.929966
36.0,228,92415.495504
21.0,111,92417.678755
49.0,288,92516.152685
17.0,1362,93114.79593
47.0,122,93118.887895
39.0,237,93350.214569
58.0,292,93484.798615
14.0,403,93539.224924
18.0,423,93550.701957
18.0,1567,94100.682055
26.0,2000,94752.456489
46.0,458,94805.387285
32.0,146,94807.401036
51.0,417,95259.194186
34.0,253,95309.227227
20.0,691,95412.771008
67.0,199,95451.483573
39.0,192,95480.427925
17.0,1102,95845.65408
29.0,337,95860.881215
50.0,201,95921.313857
57.0,98,95939.069209
33.0,278,95964.613206
54.0,355,96317.964987
26.0,510,96334.979294
8.0,606,96391.267586
36.0,444,96476.687894
7.0,125,96533.485051
36.0,279,96576.120514
23.0,2000,97140.915415
12.0,1087,97614.190881
33.0,92,97632.430624
32.0,219,97690.204004
51.0,179,97696.77308
34.0,92,97702.92898
30.0,156,97714.009541
57.0,119,97715.281718
30.0,260,98092.464042
29.0,207,98096.723439
25.0,229,98103.862659
16.0,1756,98664.661514
22.0,103,98687.181942
49.0,121,98708.986142
56.0,181,98754.062168
30.0,141,98821.655001
33.0,1124,98959.915767
29.0,1322,99588.557433
79.0,54,99604.768765
21.0,92,99607.658294
35.0,105,99627.003332
32.0,176,99632.813154
38.0,742,100070.344774
36.0,180,100073.661654
44.0,80,100074.660267
31.0,634,100087.258246
20.0,254,100089.788657
31.0,241,100104.679565
21.0,1336,100691.698329
45.0,286,100733.203191
42.0,124,100744.310385
31.0,157,100746.846527
23.0,345,100809.481477
36.0,219,101126.60569
27.0,304,101183.703544
68.0,285,101217.687067
4.0,2000,101672.336397
35.0,196,101682.473359
7.0,138,101715.817683
37.0,427,101777.165147
32.0,86,101781.226005
25.0,495,101824.861721
29.0,151,102152.624275
47.0,327,102528.672744
33.0,153,102544.726046
20.0,243,102564.7113
38.0,1094,102682.838204
15.0,2000,103215.290276
34.0,298,103633.952779
30.0,233,103711.633551
19.0,114,103753.37296
35.0,117,103757.154786
32.0,212,103763.811694
25.0,209,103770.389953
69.0,146,103774.795293
22.0,201,103815.055181
8.0,673,103895.340349
24.0,398,104358.286701
31.0,119,104370.270581
31.0,191,104373.819639
32.0,345,104418.454532
22.0,1231,104883.50715
30.0,249,104907.185861
41.0,295,104951.259131
27.0,436,105067.298218
25.0,145,105072.278496
33.0,201,105089.423442
36.0,224,105103.881764
19.0,83,105105.413936
19.0,588,105480.094818
38.0,144,105616.419827
45.0,180,105777.848656
23.0,99,105783.514675
23.0,53,105785.348783
25.0,283,105847.543241
14.0,240,105873.175778
9.0,2000,106478.259443
21.0,1591,106904.943988
30.0,572,106954.212717
24.0,317,107091.419337
37.0,183,107129.607426
23.0,110,107218.183757
32.0,449,107537.930412
14.0,1984,108200.002321
39.0,178,108254.040444
35.0,547,108445.362429
36.0,102,108478.377163
11.0,48,108481.744512
30.0,598,108659.595989
23.0,649,109063.005394
44.0,127,109068.156827
29.0,647,109138.050348
36.0,134,109285.349973
33.0,231,109300.610266
22.0,94,109302.611225
28.0,132,109305.441396
4.0,817,109915.87116
70.0,56,109944.547739
27.0,321,109972.01744
37.0,236,110113.585298
36.0,473,110255.138935
4.0,57,110256.947172
6.0,2000,110683.63185
25.0,459,111088.092036
35.0,405,111098.614503
14.0,2000,111736.630697
27.0,217,111755.955459
22.0,63,111757.461567
26.0,240,111793.882351
21.0,362,111894.979124
38.0,94,111897.995905
43.0,115,111904.587429
27.0,798,112367.506994
57.0,360,112480.107506
43.0,584,112551.680625
21.0,599,112736.11776
31.0,1842,113193.873678
72.0,524,113709.522398
35.0,153,113730.436245
25.0,476,113796.229528
45.0,329,113835.317437
21.0,225,113866.233905
29.0,162,113869.972774
33.0,113,113887.982226
18.0,914,114348.245133
22.0,92,114408.690697
28.0,1549,114630.570284
28.0,298,114967.833704
40.0,261,115001.109357
26.0,186,115009.860425
39.0,180,115062.880151
46.0,601,115212.087234
25.0,148,115289.323064
51.0,147,115309.714741
21.0,234,115436.330344
34.0,336,115724.534488
19.0,2000,116210.88016
15.0,302,116303.453846
65.0,640,116409.337426
32.0,545,116490.10485
85.0,87,116500.236176
46.0,148,116542.957856
36.0,133,116824.42867
15.0,298,116854.489873
7.0,129,116856.125189
51.0,1251,117090.07755
35.0,90,117093.688125
35.0,257,117432.323598
30.0,2000,117621.023414
30.0,152,117900.265725
23.0,284,117937.553487
28.0,82,117939.785517
51.0,127,117941.703964
49.0,253,117961.931366
43.0,201,117970.233101
33.0,123,117972.116239
25.0,247,118004.340142
24.0,21,118004.919516
35.0,101,118037.851572
22.0,959,118428.047315
43.0,317,118534.025639
42.0,189,118551.712873
2.0,284,118600.325713
43.0,197,118618.709959
29.0,103,118638.604399
47.0,296,118706.115205
22.0,238,119012.428036
15.0,348,119065.71868
45.0,274,119108.030552
18.0,348,119118.643761
26.0,190,119132.414788
15.0,152,119188.033853
61.0,100,119223.499413
14.0,448,119233.610372
31.0,177,119538.904831
25.0,107,119541.703926
40.0,428,119605.755118
39.0,193,119608.624227
22.0,134,119631.040845
37.0,91,119659.311749
32.0,259,119684.987337
35.0,239,119688.760438
3.0,960,120035.652046
33.0,2000,120620.603364
22.0,210,120639.325177
15.0,769,120987.318568
11.0,91,121020.386204
14.0,252,121076.660936
8.0,689,121510.401803
23.0,1086,121626.363357
35.0,232,121718.235839
23.0,190,121827.26199
24.0,150,121831.423177
40.0,153,122195.493562
27.0,112,122198.977095
36.0,472,122236.928594
11.0,794,122381.230109
32.0,1751,123000.770002
23.0,304,123020.280823
57.0,132,123023.873289
35.0,121,123032.479347
40.0,152,123055.499593
35.0,819,123484.827525
37.0,137,123496.626016
23.0,211,123507.664209
8.0,1902,124076.122856
24.0,249,124173.066812
49.0,142,124174.245367
25.0,194,124177.741153
12.0,2000,124710.076611
9.0,224,124714.059021
29.0,1781,125214.647109
35.0,159,125225.980438
27.0,783,125537.942793
22.0,1389,125728.739566
57.0,1924,126195.566366
39.0,243,126198.733854
4.0,1347,126704.04219
26.0,122,126705.773258
47.0,98,126706.696712
33.0,258,126722.668394
14.0,336,126755.039273
56.0,126,126765.382169
43.0,522,127151.736841
45.0,2000,127936.322036
31.0,86,127938.297761
19.0,409,127995.181531
27.0,198,128006.102787
20.0,109,128045.807568
38.0,594,128116.837417
43.0,114,128137.307166
11.0,1128,128531.498673
1.0,1135,129010.007438
38.0,135,129011.837399
25.0,1389,129072.771914
24.0,265,129077.842871
71.0,703,129478.336819
30.0,236,129498.372196
43.0,141,129505.223472
40.0,142,129508.238092
21.0,471,129704.1367
25.0,141,129708.531107
28.0,158,129717.313914
17.0,451,130159.545324
33.0,202,130216.233385
11.0,2000,130975.954703
44.0,316,130980.316021
37.0,112,130981.369821
39.0,141,130992.115167
26.0,181,131007.992354
21.0,208,131012.901973
40.0,1455,131601.193462
27.0,229,131633.030312
40.0,291,131646.046312
8.0,961,132018.529356
51.0,388,132182.264284
10.0,391,132232.658017
52.0,108,132251.711993
28.0,1884,132712.063789
9.0,2000,133311.216546
31.0,374,133374.745389
0.0,1809,133847.548328
42.0,101,133890.497288
20.0,333,133903.584581
20.0,635,134284.542053
40.0,361,134347.252533
38.0,638,134416.304435
10.0,420,134501.63342
6.0,2000,135021.475824
28.0,575,135151.262249
36.0,77,135160.806003
16.0,363,135457.175913
46.0,429,135505.085234
16.0,436,135666.072314
29.0,227,135677.715519
43.0,76,135709.593031
45.0,75,135713.050524
42.0,222,135737.612757
32.0,189,135778.249982
15.0,161,136063.464747
44.0,138,136076.728638
20.0,121,136123.280689
43.0,77,136212.661592
24.0,243,136223.604445
23.0,271,136273.77485
37.0,2000,136793.815641
14.0,264,136841.306508
8.0,273,136858.542167
50.0,112,136875.478769
31.0,187,136886.275096
55.0,67,136984.109693
13.0,201,137003.958272
19.0,434,137406.449218
33.0,242,137422.760115
12.0,168,137429.159111
16.0,55,137431.483626
20.0,165,137465.514121
29.0,124,137472.226306
27.0,298,137612.853627
27.0,356,137666.273761
26.0,1523,138252.754237
28.0,619,138277.260567
18.0,198,138565.508938
7.0,295,138658.691518
29.0,238,138712.049982
44.0,504,139139.859664
2.0,663,139293.915911
35.0,108,139299.813433
45.0,164,139302.421818
52.0,136,139581.129297
28.0,337,139585.046027
44.0,238,139620.11416
36.0,75,139621.330715
29.0,144,139623.721041
32.0,864,139694.541416
51.0,316,139990.86251
41.0,89,140011.081111
24.0,2000,140572.06475
19.0,534,140617.077208
29.0,88,140649.379402
4.0,438,140677.008094
51.0,140,140678.898628
46.0,200,140681.709044
29.0,85,140682.82093
29.0,512,141014.452872
24.0,195,141070.1363
45.0,311,141080.926054
30.0,121,141204.375738
6.0,1059,141401.587033
40.0,401,141720.242797
35.0,116,141838.789193
21.0,534,141894.712856
42.0,133,141901.950763
18.0,1958,142380.708705
53.0,261,142383.700024
29.0,1239,142754.595987
39.0,283,142760.56851
28.0,175,142762.731635
44.0,912,142886.723181
11.0,56,142887.177249
26.0,277,142893.641463
31.0,727,143267.91339
31.0,199,143324.269735
32.0,285,143327.669443
32.0,332,143340.544937
31.0,259,143358.981705
21.0,105,143376.15154
19.0,211,143405.345845
22.0,164,143680.610151
14.0,271,143715.471705
51.0,177,143857.032153
31.0,568,143928.067155
38.0,375,143970.097503
31.0,2000,144588.756283
2.0,2000,145287.217954
14.0,187,145290.109071
20.0,170,145314.549851
41.0,81,145339.568031
40.0,91,145340.771145
42.0,397,145628.180506
53.0,420,145789.771848
30.0,806,145858.922864
55.0,469,145874.876945
55.0,131,146159.529763
20.0,313,146165.93961
53.0,301,146168.846474
28.0,164,146176.468981
35.0,119,146177.768968
24.0,228,146181.697801
34.0,142,146187.287611
40.0,888,146517.883091
29.0,855,146604.386072
41.0,317,146638.120555
32.0,242,146656.147261
23.0,140,146687.70705
19.0,355,146995.943424
11.0,64,146997.322176
27.0,603,147112.805918
34.0,126,147136.693319
48.0,146,147138.404822
9.0,506,147179.072543
27.0,1027,147507.456766
29.0,638,147533.940922
33.0,153,147536.041791
65.0,161,147538.93805
55.0,90,147540.024897
31.0,468,147599.227504
39.0,370,147848.902347
47.0,167,147858.079329
35.0,364,147877.683872
45.0,702,147940.994676
37.0,170,147954.030808
47.0,148,147960.872352
18.0,104,147962.694944
31.0,1149,148263.200388
4.0,152,148266.76369
15.0,1014,148651.546489
10.0,296,148752.821611
49.0,136,148765.633801
22.0,397,148825.125203
23.0,585,148868.533165
34.0,903,149156.737517
49.0,187,149179.099784
51.0,262,149203.163585
39.0,94,149206.975489
12.0,482,149214.947525
60.0,137,149219.188783
18.0,636,149496.098995
31.0,77,149510.944356
32.0,172,149550.264694
27.0,161,149555.215322
14.0,94,149572.053506
50.0,277,149579.240275
48.0,214,149588.849837
26.0,2000,150027.3753
29.0,309,150102.00956
14.0,131,150104.825535
17.0,166,150107.955301
41.0,124,150113.09576
12.0,839,150561.396285
35.0,588,150613.344436
15.0,116,150677.951868
35.0,500,150752.008668
33.0,803,151270.758415
19.0,358,151283.329882
45.0,167,151324.796446
32.0,506,151380.481939
36.0,241,151414.760121
27.0,1258,151849.894076
21.0,252,151899.590132
35.0,185,151940.28326
23.0,86,151954.974148
47.0,110,151958.353921
52.0,1494,152352.948529
30.0,1879,152760.960859
26.0,739,152834.861514
67.0,84,152835.592929
54.0,298,153136.733464
18.0,1348,153254.143374
8.0,193,153256.767202
17.0,534,153543.776479
44.0,813,153581.16179
28.0,724,153786.318754
36.0,143,153841.99618
20.0,931,154163.147716
28.0,275,154186.818714
103.0,102,154206.34478
28.0,1827,154781.283855
17.0,428,154855.91589
43.0,190,154911.207908
36.0,126,154913.941857
24.0,112,154915.866189
15.0,147,154934.710815
36.0,2000,155403.250647
39.0,206,155405.796695
32.0,346,155678.990531
15.0,52,155691.52264
37.0,104,155707.467928
10.0,98,155708.67343
36.0,202,155710.476468
48.0,271,155727.029527
19.0,1153,156011.542707
37.0,130,156013.27388
22.0,2000,156460.525801
20.0,1709,156765.897481
27.0,448,157047.677151
19.0,117,157049.110498
27.0,193,157067.084416
57.0,113,157070.867019
24.0,1065,157373.987651
10.0,1881,157861.602109
28.0,162,157865.663409
35.0,2000,158347.726188
26.0,95,158362.653614
36.0,180,158399.080174
19.0,2000,158956.795653
51.0,234,159226.721207
45.0,91,159304.010201
22.0,2000,159799.789837
38.0,406,159807.492732
7.0,538,159862.745641
38.0,190,159868.291615
63.0,334,159874.379785
38.0,146,159892.559883
36.0,2000,160387.299791
29.0,135,160393.929719
46.0,172,160616.926058
41.0,2000,160734.66715
14.0,126,160947.135723
36.0,49,160947.713718
48.0,1469,161175.331925
20.0,304,161184.129053
47.0,116,161185.535577
25.0,369,161405.648662
34.0,356,161409.406045
30.0,117,161410.475338
28.0,1060,161640.47797
44.0,109,161686.445282
10.0,250,161928.943296
11.0,2000,162357.682062
49.0,242,162431.81344
20.0,98,162442.818028
43.0,227,162548.576149
19.0,2000,162928.045972
27.0,174,162932.436648
39.0,1789,163300.14124
11.0,2000,163846.985258
29.0,2000,164204.437867
63.0,156,164206.799514
25.0,269,164214.963401
48.0,106,164277.11134
14.0,393,164319.078064
37.0,171,164439.41731
42.0,88,164455.594997
64.0,423,164728.762146
44.0,178,164763.448599
32.0,229,164790.138253
10.0,2000,165247.862699
31.0,61,165254.689318
24.0,222,165262.744389
48.0,128,165263.802732
2.0,389,165297.659271
29.0,2000,165823.913481
41.0,198,165845.166338
13.0,414,166086.657118
14.0,181,166088.624885
47.0,119,166303.305882
37.0,264,166312.261756
29.0,2000,166736.447081
37.0,142,166820.065584
24.0,167,166841.426364
25.0,171,166900.777715
18.0,132,166902.0981
45.0,2000,167240.321693
18.0,227,167242.876504
23.0,384,167282.667781
56.0,233,167314.812665
20.0,268,167343.195156
24.0,179,167596.803257
42.0,140,167666.34728
38.0,2000,168014.958685
23.0,384,168057.393429
17.0,2000,168401.745306
27.0,53,168402.234777
76.0,106,168403.140891
34.0,285,168407.07767
20.0,2000,168936.697871
8.0,2000,169299.930312
25.0,201,169375.231458
23.0,680,169539.180196
45.0,149,169592.043156
13.0,607,169867.379907
34.0,97,169868.538126
13.0,913,170153.235535
16.0,1616,170648.251469
49.0,102,170652.356143
51.0,151,170669.245768
15.0,145,170676.042533
28.0,293,170685.717168
77.0,223,170710.838919
34.0,236,170926.529469
4.0,1201,171053.172299
10.0,325,171056.905802
35.0,287,171087.007302
19.0,364,171326.963538
17.0,2000,171810.328679
18.0,2000,172338.624458
26.0,129,172340.639031
57.0,2000,172733.782976
44.0,128,172735.052086
53.0,897,172765.195405
30.0,519,172799.537711
19.0,257,172840.342411
22.0,155,173108.812425
28.0,354,173191.388506
26.0,497,173231.721544
34.0,183,173257.854678
11.0,333,173329.041322
19.0,1704,173975.871769
38.0,993,174352.455499
53.0,341,174397.431492
58.0,241,174405.278737
48.0,215,174407.934551
22.0,96,174427.821601
36.0,104,174430.624603
35.0,822,174518.588062
21.0,366,174753.649981
42.0,295,174816.540433
63.0,71,174817.10816
27.0,1479,175166.836009
24.0,142,175168.190885
35.0,392,175276.824162
22.0,250,175302.101486
46.0,226,175305.353772
58.0,159,175306.619291
38.0,520,175371.909004
27.0,167,175379.17146
47.0,42,175379.560786
37.0,270,175620.036484
48.0,109,175663.573483
103.0,347,175669.377422
30.0,144,175689.976852
45.0,469,175728.682266
30.0,812,175750.243836
18.0,201,176075.969591
28.0,149,176090.710407
10.0,198,176094.097751
25.0,2000,176430.286837
27.0,132,176445.765826
32.0,249,176450.192096
16.0,549,176568.649348
51.0,182,176570.512436
52.0,1780,176961.793015
20.0,320,177005.469417
36.0,115,177068.87834
22.0,1469,177455.183069
31.0,1030,177915.504418
28.0,435,177975.668004
45.0,111,177977.297011
33.0,730,178076.930758
29.0,83,178079.042299
35.0,179,178081.478222
42.0,132,178083.640302
12.0,286,178302.239403
31.0,205,178304.444953
57.0,90,178318.419811
43.0,294,178349.47877
35.0,164,178352.32734
31.0,206,178413.773222
45.0,236,178485.129665
31.0,190,178519.843781
47.0,199,178535.842683
17.0,243,178574.147008
27.0,920,178833.708134
36.0,253,178836.605453
40.0,902,178954.522199
48.0,120,178969.807642
30.0,197,179185.691905
47.0,347,179211.085064
31.0,408,179242.901361
19.0,1779,179630.790746
44.0,104,179674.171193
32.0,108,179715.646355
23.0,2000,180152.558126
44.0,77,180154.103602
41.0,383,180204.030658
34.0,429,180230.825101
36.0,56,180231.633708
-3.0,2000,180586.609384
49.0,79,180588.164947
22.0,159,180591.003361
18.0,88,180593.315274
15.0,126,180808.642891
36.0,110,180810.732223
29.0,1017,180924.591039
33.0,280,181036.301944
23.0,84,181037.755852
35.0,281,181041.866519
32.0,122,181043.963638
47.0,804,181349.859776
44.0,355,181382.168356
20.0,2000,181817.776048
24.0,2000,182319.786571
33.0,101,182321.149877
36.0,666,182342.263593
38.0,202,182388.00408
-3.0,1418,182720.959476
32.0,781,183047.616174
7.0,2000,183455.082272
46.0,212,183460.441091
15.0,260,183467.933526
14.0,2000,183999.516187
73.0,212,184040.712034
26.0,749,184052.614254
13.0,2000,184620.165637
31.0,97,184621.373413
28.0,158,184623.811483
30.0,760,184950.901543
39.0,183,184952.771562
26.0,341,184996.278521
44.0,129,185010.983894
80.0,479,185052.313311
29.0,204,185126.06073
16.0,609,185518.235864
41.0,151,185528.55672
19.0,1421,185605.671643
29.0,333,185882.565784
36.0,79,185906.795559
44.0,363,185911.275603
34.0,465,185971.778368
4.0,1926,186395.821739
50.0,180,186401.478642
55.0,125,186407.499437
19.0,182,186516.570139
25.0,246,186525.796913
18.0,521,186745.351502
11.0,2000,187377.989778
27.0,117,187385.887231
32.0,141,187400.831761
25.0,405,187451.335014
23.0,300,187457.205585
41.0,122,187458.343285
54.0,192,187460.740667
24.0,155,187471.212881
26.0,903,187816.511996
27.0,158,187864.353525
23.0,998,188069.064568
23.0,448,188127.750269
7.0,786,188424.164807
3.0,544,188567.561513
76.0,583,188659.164235
33.0,326,188925.66321
22.0,1097,189129.95464
9.0,231,189133.414333
49.0,134,189135.00115
26.0,665,189427.236492
32.0,795,189490.063851
37.0,167,189500.146267
43.0,225,189539.501627
23.0,445,189668.620911
32.0,2000,190113.730318
34.0,408,190332.651644
33.0,1955,190758.410234
50.0,133,190766.318622
45.0,1163,190812.407241
13.0,2000,191387.450017
25.0,671,191607.932723
32.0,137,191822.114749
27.0,785,191905.48793
27.0,2000,192327.726504
26.0,64,192328.313156
40.0,144,192329.718854
32.0,98,192331.846245
29.0,467,192375.058609
25.0,322,192538.857853
42.0,2000,192948.207238
21.0,2000,193576.020334
68.0,1180,193929.912756
35.0,294,193994.437757
29.0,120,194031.703149
58.0,159,194033.752798
18.0,452,194049.011069
25.0,2000,194391.206337
52.0,155,194451.742207
24.0,2000,194880.550603
46.0,91,195092.168176
33.0,447,195105.989253
45.0,143,195135.61243
66.0,157,195142.278671
27.0,113,195143.865239
20.0,2000,195657.191561
47.0,361,195698.446276
32.0,2000,196072.349457
45.0,215,196075.736317
21.0,219,196077.773534
76.0,89,196079.184804
18.0,2000,196515.350276
23.0,381,196540.627483
22.0,305,196784.082849
33.0,1625,196916.128618
40.0,746,197158.674076
16.0,126,197159.949458
30.0,482,197174.06261
38.0,91,197180.014864
10.0,2000,197667.847947
22.0,846,197924.627691
7.0,108,197928.405457
44.0,199,198080.097293
28.0,115,198080.986107
37.0,76,198082.687453
45.0,295,198086.701526
41.0,166,198095.183848
32.0,580,198124.205662
49.0,278,198263.924186
34.0,468,198488.798598
25.0,2000,198847.376222
25.0,664,198944.800769
50.0,174,199004.602986
27.0,1718,199550.25724
28.0,215,199568.995403
47.0,132,199621.823624
17.0,2000,199972.369261
94.0,97,199974.672041
16.0,2000,200273.137857
26.0,115,200274.780587
33.0,198,200376.352481
8.0,2000,200736.235215
33.0,246,200756.625944
35.0,203,200763.99349
117.0,172,200783.756302
16.0,2000,201478.657889
69.0,242,201716.257759
21.0,1649,202141.437355
28.0,99,202157.424825
19.0,344,202404.829341
50.0,283,202415.292778
14.0,755,202510.247394
26.0,202,202513.032259
26.0,198,202515.291568
18.0,2000,202900.076183
17.0,161,202947.295354
48.0,103,202949.152439
17.0,123,202959.129841
37.0,100,202962.287015
28.0,155,203199.497689
22.0,101,203221.484173
32.0,155,203288.660075
40.0,237,203380.085687
31.0,290,203384.370572
15.0,212,203387.033208
39.0,361,203424.614934
31.0,185,203477.502722
29.0,181,203542.349176
54.0,90,203564.021392
31.0,384,203833.750581
42.0,107,203835.013515
25.0,2000,204272.415729
48.0,169,204274.423962
17.0,2000,204709.960937
19.0,2000,205142.767976
20.0,129,205182.231141
11.0,947,205320.987355
37.0,250,205323.61104
30.0,2000,205860.52156
30.0,379,206180.679348
37.0,94,206182.545651
23.0,85,206183.807118
31.0,144,206258.677813
54.0,315,206352.73674
18.0,968,206427.129874
52.0,164,206431.803043
26.0,308,206692.35766
4.0,230,206700.66922
15.0,153,206703.501834
10.0,306,206739.353423
38.0,96,206740.61887
38.0,292,206774.732885
36.0,201,206818.872784
42.0,116,206820.221629
47.0,274,206840.887232
20.0,485,207221.609627
42.0,249,207253.813355
35.0,128,207256.240394
48.0,200,207259.111532
41.0,64,207259.92471
39.0,136,207276.902141
21.0,126,207279.484549
66.0,111,207285.593779
53.0,2000,207694.251734
49.0,145,207697.135879
16.0,1382,208096.356133
27.0,174,208111.813338
26.0,158,208133.459166
21.0,150,208135.508227
35.0,61,208136.703233
47.0,92,208140.335203
24.0,1769,208659.327471
29.0,2000,209072.47667
40.0,192,209075.506871
36.0,194,209078.674206
12.0,134,209081.380212
42.0,176,209148.133972
39.0,133,209151.794607
31.0,392,209479.096367
59.0,111,209489.922213
21.0,520,209578.363522
27.0,132,209580.34747
29.0,221,209612.633771
20.0,665,209715.515544
42.0,86,209717.555489
53.0,497,210003.374397
31.0,361,210020.375069
43.0,179,210027.750538
54.0,148,210031.634864
40.0,113,210033.249118
26.0,150,210048.464233
37.0,204,210107.72042
43.0,155,210129.705105
17.0,717,210470.001071
20.0,95,210485.132306
22.0,69,210485.904311
51.0,188,210506.51978
37.0,172,210509.286998
29.0,267,210572.917991
32.0,581,210605.761526
29.0,298,210617.833601
40.0,241,210939.719796
36.0,273,210993.113588
21.0,71,211067.353092
31.0,117,211180.693588
45.0,241,211183.451771
36.0,150,211188.896763
27.0,2000,211561.740366
23.0,1604,212024.29608
17.0,115,212030.005199
26.0,2000,212419.514634
36.0,99,212436.659252
14.0,594,212612.424973
51.0,226,212619.863841
38.0,92,212660.042759
38.0,445,212737.057021
32.0,423,213077.675071
29.0,101,213079.614623
14.0,42,213093.366826
37.0,397,213287.693786
34.0,98,213291.080361
54.0,285,213302.233938
47.0,498,213339.574759
18.0,195,213366.973179
28.0,1377,214038.488302
30.0,249,214053.964324
32.0,112,214076.242131
42.0,65,214113.507858
17.0,302,214140.425663
24.0,408,214559.902942
33.0,155,214567.911093
41.0,85,214622.722625
37.0,86,214634.379219
30.0,274,214639.935093
23.0,126,214681.905423
30.0,2000,215169.869192
33.0,171,215172.576289
52.0,107,215174.194052
40.0,89,215194.641625
19.0,407,215235.453648
31.0,228,215520.934391
24.0,105,215522.48078
44.0,108,215524.410353
8.0,372,215549.987849
43.0,262,215574.393406
22.0,622,215603.63711
36.0,737,215946.169672
42.0,216,215951.914689
33.0,167,215980.033609
23.0,166,215982.970586
33.0,132,215986.343353
21.0,566,216100.931661
16.0,139,216138.85784
36.0,1003,216508.454131
25.0,1084,216606.946198
44.0,2000,217162.482256
16.0,797,217524.996054
35.0,629,217533.513608
35.0,156,217535.646558
66.0,427,217572.083376
43.0,85,217572.866818
12.0,232,217585.324829
22.0,118,217587.021849
26.0,2000,217953.83247
118.0,162,218243.106666
23.0,203,218247.745552
13.0,743,218282.927606
34.0,1191,218594.260286
38.0,117,218596.914753
28.0,2000,219097.735101
30.0,332,219137.794146
44.0,202,219143.349232
23.0,113,219154.508523
29.0,457,219333.120845
45.0,161,219347.357978
27.0,284,219363.349352
31.0,1040,219668.612242
9.0,37,219669.00289
29.0,605,219736.152635
31.0,262,219740.262215
41.0,143,219755.809438
12.0,2000,220312.444982
49.0,88,220350.705449
30.0,1134,220728.876372
31.0,188,220737.328094
33.0,117,220738.680939
51.0,166,220740.852091
12.0,627,220786.269589
27.0,85,221055.818987
47.0,218,221076.159844
27.0,199,221124.227747
41.0,1576,221291.329163
16.0,649,221740.760193
9.0,600,221962.697668
24.0,80,221966.373203
42.0,134,221968.82676
39.0,279,222000.234312
34.0,514,222301.9424
39.0,659,222435.405295
41.0,408,222463.673047
54.0,68,222467.593916
17.0,196,222470.66709
32.0,184,222525.853228
25.0,294,222547.730684
15.0,233,222859.315457
53.0,236,222869.855475
15.0,197,222874.43469
33.0,121,222878.324794
25.0,130,222881.357807
50.0,190,222938.258177
42.0,206,222955.423801
34.0,987,223335.769601
41.0,128,223341.064035
42.0,86,223343.304173
29.0,391,223415.902333
34.0,133,223430.934343
32.0,2000,223928.212829
28.0,1844,224348.333469
49.0,254,224363.583671
35.0,77,224364.39683
27.0,1206,224700.022214
14.0,2000,225264.497529
32.0,1988,225701.587668
39.0,212,225704.184004
19.0,2000,226064.20765
38.0,1983,226484.62924
40.0,99,226486.521185
41.0,114,226496.854106
44.0,108,226502.164835
53.0,943,226656.214743
38.0,144,226685.880939
47.0,531,226970.038338
36.0,1166,227104.270669
29.0,1532,227501.465315
21.0,576,227666.950174
35.0,74,227667.80071
37.0,102,227684.908842
2.0,2000,228104.515371
33.0,334,228164.228344
22.0,128,228166.091594
39.0,71,228167.748658
35.0,2000,228584.339625
46.0,248,228855.904594
22.0,2000,229329.72506
13.0,2000,229781.718123
34.0,222,229804.134269
37.0,1727,229998.197613
29.0,173,230267.383534
39.0,71,230268.14216
13.0,798,230507.912171
36.0,248,230525.939446
47.0,117,230527.142995
36.0,454,230533.352096
62.0,101,230548.057441
41.0,83,230549.530033
47.0,174,230827.109109
70.0,125,230844.005404
10.0,198,230866.128033
33.0,1637,231193.30856
28.0,423,231535.284346
24.0,1317,231606.727718
20.0,280,231622.45962
45.0,142,231895.104775
57.0,158,231896.647023
33.0,273,231942.758398
42.0,1261,231978.8755
34.0,141,231980.172979
29.0,934,232371.421159
54.0,103,232402.861477
37.0,189,232409.994725
34.0,482,232548.010823
19.0,149,232551.284735
33.0,171,232609.871665
17.0,303,232961.624855
36.0,78,232984.510555
24.0,212,233003.800426
24.0,83,233011.41769
25.0,106,233077.328234
25.0,85,233121.071444
33.0,196,233146.691584
35.0,146,233151.447646
20.0,809,233226.789518
27.0,1522,233688.221955
32.0,204,233699.186098
34.0,90,233784.686778
21.0,337,233791.44013
48.0,138,234098.210929
11.0,124,234120.960627
15.0,109,234128.944466
62.0,187,234184.947888
2.0,83,234186.389608
25.0,196,234191.669013
32.0,1311,234807.36144
23.0,440,234913.706981
13.0,511,234957.080866
28.0,131,234959.127142
28.0,2000,235592.69747
17.0,2000,236081.376493
37.0,2000,236871.02743
30.0,114,236872.877337
31.0,696,236974.63237
27.0,200,236997.252463
46.0,122,237283.646873
48.0,945,237357.278794
28.0,308,237371.019651
55.0,207,237375.788242
49.0,183,237380.326657
30.0,2000,237849.672608
29.0,36,237850.065087
30.0,972,238273.615842
28.0,110,238274.771687
25.0,89,238277.463512
46.0,147,238279.763991
11.0,388,238291.377964
33.0,191,238336.929893
23.0,81,238338.207045
45.0,2000,238898.164874
29.0,63,238899.246145
31.0,222,238918.232687
31.0,162,238950.240518
26.0,275,239262.644885
62.0,89,239264.012056
23.0,820,239338.979742
81.0,84,239347.567522
24.0,276,239351.527252
46.0,181,239353.946827
40.0,162,239356.423811
41.0,1058,239750.340288
28.0,248,239753.155295
31.0,998,240141.393471
27.0,1772,240386.989886
29.0,489,240645.033592
40.0,901,240692.105175
36.0,137,240693.907269
44.0,368,240718.057591
27.0,494,240961.489698
37.0,157,240963.584117
22.0,2000,241508.2517
22.0,270,241550.059397
22.0,268,241554.427531
15.0,113,241556.013833
95.0,88,241564.777897
32.0,353,241609.922746
51.0,259,241625.97631
43.0,145,241628.794469
70.0,124,241630.182679
31.0,2000,242136.655651
24.0,190,242139.639571
28.0,532,242422.580525
88.0,61,242428.438627
36.0,202,242431.959094
33.0,360,242436.380457
37.0,468,242473.555306
9.0,51,242473.921358
47.0,140,242476.927341
17.0,703,242727.508781
19.0,121,242736.030783
36.0,239,242775.903374
31.0,74,242790.559026
46.0,199,242796.125197
18.0,2000,243175.45047
31.0,1506,243478.952193
9.0,2000,243957.077557
29.0,248,243971.110634
29.0,453,243976.00069
58.0,95,243977.013775
14.0,2000,244275.804935
54.0,113,244278.336676
37.0,142,244292.672781
44.0,276,244307.033327
36.0,72,244308.424815
36.0,401,244516.225178
57.0,228,244559.803242
34.0,670,244616.331074
14.0,2000,245131.978213
31.0,211,245148.377706
31.0,1733,245455.73366
21.0,404,245499.800805
9.0,54,245500.242755
34.0,258,245554.471292
51.0,126,245556.636268
43.0,159,245568.015059
17.0,182,245791.498415
6.0,2000,246016.022302
26.0,2000,246362.879151
19.0,106,246633.241736
25.0,2000,246905.842418
42.0,244,247162.86802
37.0,537,247251.748147
44.0,972,247386.465356
24.0,328,247609.034509
18.0,644,247620.40352
70.0,69,247622.116592
27.0,205,247625.469055
52.0,358,247648.568401
30.0,2000,247951.432595
29.0,145,247952.956078
29.0,2000,248322.510922
35.0,439,248328.716548
27.0,388,248570.158441
14.0,2000,249032.440064
23.0,742,249125.387655
25.0,153,249179.637815
26.0,226,249222.326748
26.0,141,249224.240605
46.0,69,249245.628443
34.0,718,249488.923801
33.0,888,249530.09672
56.0,437,249592.70669
10.0,384,249670.011892
29.0,119,249673.740609
24.0,223,249889.767607
39.0,1118,250106.661373
29.0,295,250130.20576
34.0,96,250136.881844
38.0,76,250138.424853
60.0,108,250142.066041
47.0,117,250147.194836
33.0,163,250153.773018
9.0,460,250446.373304
7.0,618,250701.260303
43.0,144,250703.952682
18.0,65,250704.943829
36.0,363,250716.534773
39.0,403,250753.167511
34.0,99,250986.622233
36.0,590,251097.914961
2.0,47,251098.617618
38.0,2000,251478.886747
22.0,114,251511.087612
36.0,130,251550.977169
32.0,241,251594.028615
42.0,112,251599.487227
49.0,207,251615.749853
35.0,1201,251900.10934
37.0,82,251901.110569
18.0,2000,252263.444632
42.0,368,252286.553771
20.0,2000,252745.348403
34.0,2000,253013.557772
48.0,671,253037.241735
10.0,149,253134.797462
32.0,678,253423.517992
29.0,594,253496.221776
33.0,387,253540.015283
38.0,143,253542.670879
34.0,144,253544.446938
36.0,197,253546.280332
34.0,730,253823.027303
30.0,1055,253933.396657
17.0,239,253965.962135
46.0,86,253966.925603
29.0,742,254213.163899
28.0,2000,254622.974387
33.0,156,254657.543859
69.0,181,254664.134057
23.0,2000,255196.151305
21.0,172,255234.395114
30.0,75,255236.928066
40.0,1835,255617.64501
33.0,1096,255853.286399
23.0,78,256068.488032
34.0,34,256078.898865
36.0,146,256166.203909
47.0,154,256168.810298
38.0,2000,256551.823313
37.0,166,256556.937414
21.0,246,256587.797959
54.0,128,256595.087061
56.0,352,256655.105295
16.0,172,256701.830661
13.0,371,256736.628802
19.0,889,256971.560913
15.0,2000,257482.458271
15.0,2000,257743.767452
19.0,2000,258070.975087
34.0,113,258073.146853
26.0,69,258073.889004
13.0,1024,258271.222094
23.0,2000,258597.435949
75.0,181,258599.406141
28.0,1595,258963.823675
13.0,2000,259451.635176
45.0,106,259454.069297
33.0,105,259454.886124
23.0,404,259461.945944
52.0,509,259785.093529
38.0,84,259788.805045
29.0,2000,260254.693325
13.0,57,260255.569095
23.0,161,260278.732156
23.0,2000,260841.557258
36.0,142,260845.523554
28.0,395,260855.584507
2.0,46,260856.043092
28.0,2000,261234.57279
36.0,291,261242.592003
27.0,289,261245.79327
24.0,248,261248.872076
45.0,117,261250.175948
0.0,2000,261648.405977
73.0,182,261872.921127
39.0,229,261876.351735
17.0,2000,262334.703705
24.0,658,262480.659542
27.0,217,262502.280188
30.0,93,262515.798121
38.0,257,262571.668402
17.0,226,262575.076529
21.0,120,262590.161717
23.0,2000,262969.64484
4.0,78,262980.221397
14.0,2000,263293.598084
28.0,109,263295.032038
31.0,369,263518.973742
28.0,2000,263950.932196
41.0,112,263951.946264
20.0,195,263980.737687
50.0,124,263982.944926
40.0,2000,264579.085195
9.0,2000,265056.704083
19.0,94,265057.515073
21.0,286,265069.41673
16.0,81,265084.372566
46.0,159,265085.675841
23.0,399,265091.342517
32.0,192,265122.264101
40.0,194,265160.469715
41.0,217,265383.156739
48.0,314,265386.446366
36.0,447,265417.70501
68.0,152,265446.286275
24.0,282,265449.837162
43.0,2000,265868.089364
5.0,2000,266175.558354
23.0,2000,266491.298839
49.0,371,266523.091772
13.0,197,266528.593494
31.0,204,266532.436898
33.0,210,266778.389689
29.0,2000,267237.584942
20.0,367,267275.070707
15.0,680,267289.304044
20.0,2000,267754.462938
42.0,161,267756.464683
17.0,162,267758.273103
24.0,299,267772.756917
38.0,2000,268167.071056
46.0,167,268232.953458
30.0,103,268246.415631
28.0,135,268495.975974
54.0,101,268499.914175
23.0,1747,268662.778807
58.0,139,268664.177443
33.0,348,268944.039942
15.0,237,268968.248609
39.0,111,268971.651149
34.0,100,268974.560187
28.0,399,268980.056283
39.0,939,269250.085446
46.0,514,269267.541431
21.0,96,269271.627585
16.0,40,269284.823203
44.0,185,269295.19751
27.0,1785,269713.300255
24.0,2000,270092.127049
43.0,220,270130.372676
25.0,2000,270801.166229
32.0,208,270804.240827
22.0,2000,271188.3801
8.0,728,271311.058718
44.0,1945,271911.092929
25.0,174,271941.413914
25.0,2000,272303.413033
76.0,182,272309.356335
50.0,87,272310.217407
38.0,484,272820.400269
18.0,2000,273199.451115
35.0,2000,273711.811854
25.0,1012,273771.280766
11.0,2000,274115.651821
47.0,370,274139.841386
15.0,1905,274470.170741
78.0,58,274470.918476
34.0,179,274476.959298
41.0,91,274477.941045
38.0,151,274491.892937
9.0,2000,274835.755928
16.0,2000,275328.288621
36.0,254,275567.71253
43.0,165,275579.031864
49.0,69,275585.402397
27.0,2000,276020.742291
24.0,99,276025.272225
33.0,235,276027.593722
25.0,2000,276407.101545
29.0,175,276409.877515
26.0,537,276438.302283
96.0,1354,276757.961633
