#{"t_start": 1673786816.8734376, "env_id": "sokoban-turtle-v0"}
r,l,t
-28.0,58,816.090667
-30.0,79,1278.117235
-30.0,62,2214.721053
6.0,70,2933.296553
-10.0,66,4008.457393
121.0,47,4729.333764
-8.0,55,5371.532741
-30.0,62,5804.971127
168.0,1,5832.898199
-26.0,63,6340.157071
-8.0,75,6951.453879
-10.0,57,7937.308561
-1.0,73,8526.530724
-22.0,64,9494.730842
-8.0,52,10039.23552
-2.0,67,10716.017525
-4.0,67,12734.338886
0.0,1,12759.580245
-27.0,75,13543.384456
-18.0,58,14903.518932
-10.0,68,15981.898211
-14.0,65,16480.015067
-14.0,72,16895.986627
-32.0,71,17921.946246
-26.0,68,19365.685091
0.0,57,20097.8236
-14.0,64,21449.022939
-24.0,64,22416.480186
-14.0,70,23368.947249
-12.0,59,24007.583819
-10.0,59,25225.804582
-26.0,54,25618.296876
-8.0,54,25882.213693
-22.0,90,27351.487453
-2.0,52,28320.856173
-16.0,54,29381.553779
0.0,73,30540.248662
0.0,61,31607.709112
-8.0,52,32825.255964
-2.0,66,34615.226765
-4.0,61,34978.557067
-6.0,64,35557.551549
-8.0,58,36075.274094
0.0,77,36645.131713
0.0,68,37409.930854
-18.0,69,38548.965605
-10.0,80,39074.183514
0.0,70,39740.829564
0.0,68,40843.045001
2.0,71,41090.192429
2.0,76,42030.893384
14.0,58,42285.574659
-28.0,71,43500.915265
-4.0,61,43804.951203
-18.0,66,44567.990825
-12.0,76,45422.505867
-10.0,60,45845.685221
-8.0,64,47206.786929
-10.0,64,47394.160527
-28.0,64,47555.889315
6.0,65,48275.914073
-10.0,49,49516.070433
-2.0,61,50147.914306
6.0,60,50769.709863
-8.0,63,51549.132245
2.0,73,52087.971626
-4.0,68,52735.217626
-8.0,65,53802.058988
-10.0,71,55704.533669
-2.0,70,57464.477667
4.0,60,58395.476291
0.0,76,59882.682359
2.0,66,60925.810029
-2.0,55,61506.028553
-10.0,84,62846.70717
-6.0,93,63541.430608
0.0,42,64080.584073
152.0,32,64129.968116
-12.0,74,65290.302769
0.0,72,65730.850008
-4.0,73,66257.693571
-6.0,57,66755.796025
8.0,53,67439.233291
-4.0,67,68166.260531
-4.0,65,68712.56364
10.0,50,69948.670998
2.0,72,71606.094901
-4.0,75,72064.993081
-4.0,73,72322.171485
-10.0,69,73950.800037
4.0,70,74865.619918
0.0,59,75487.541191
-10.0,72,75601.489202
-5.0,58,76149.609141
-4.0,72,78842.488662
12.0,52,80254.285857
2.0,71,80760.197625
18.0,53,81215.153725
8.0,63,82188.425639
0.0,72,83715.68714
2.0,68,84145.756706
0.0,85,84866.506478
2.0,66,86089.086991
2.0,75,86664.069002
-4.0,70,86904.535687
-4.0,63,87400.977795
-6.0,73,88016.235141
6.0,66,88163.324846
-2.0,63,89186.702289
-8.0,66,90039.377891
-4.0,65,90605.825248
0.0,65,91519.090016
-10.0,70,93155.773979
2.0,67,93350.580376
0.0,65,94980.682476
-7.0,70,96731.384174
-2.0,68,97530.634961
0.0,70,98427.38994
-4.0,61,98931.885694
0.0,58,99281.322572
-5.0,70,100513.36577
-4.0,86,101548.942216
-6.0,59,102565.336236
-2.0,75,104603.71509
0.0,2,104677.042727
0.0,54,105220.550022
4.0,70,105516.613547
156.0,82,106833.422441
-2.0,85,106986.654322
10.0,62,108087.332898
-2.0,65,108504.950731
8.0,69,109083.630652
4.0,68,110680.619887
4.0,57,111286.037429
8.0,60,112549.682477
20.0,76,113760.575173
6.0,86,115172.506895
6.0,71,115572.489241
6.0,67,116366.949254
-6.0,55,117269.555715
0.0,69,118856.786994
0.0,62,120912.980987
-6.0,55,122337.554541
2.0,80,123010.917834
-6.0,56,123304.07159
0.0,74,125111.093626
78.0,23,126351.797866
14.0,75,128618.128353
0.0,86,129148.721128
8.0,62,129819.622015
0.0,45,130133.966403
-8.0,64,130571.000117
-2.0,55,130966.604875
8.0,74,131486.719393
-12.0,64,132424.396007
12.0,80,133062.984809
-4.0,76,133966.518497
-4.0,80,135157.467282
5.0,71,136196.417372
-4.0,72,137029.637491
4.0,72,137610.37981
12.0,65,138075.650358
8.0,67,138946.996707
4.0,78,139823.340557
0.0,63,140185.204026
0.0,56,140683.163662
3.0,78,143510.13361
0.0,55,144921.401855
14.0,71,145382.360709
-2.0,74,145845.534482
10.0,74,146525.994924
6.0,50,147158.857745
12.0,55,148136.770457
7.0,59,148872.254582
4.0,55,149541.583348
-6.0,54,149952.828679
0.0,53,150109.988851
-4.0,53,150150.140038
8.0,76,151030.903643
12.0,60,151478.145896
8.0,65,152188.371664
14.0,68,153192.901594
4.0,52,155370.187255
121.0,32,156161.391377
0.0,60,157009.83352
12.0,74,157762.573474
2.0,75,158823.506395
-2.0,69,159426.756416
8.0,79,160126.870435
-4.0,92,161727.021606
139.0,46,162446.863679
0.0,69,162668.48908
8.0,60,163580.072599
12.0,67,164046.57345
8.0,50,164222.210068
4.0,59,164940.143313
8.0,77,164979.96382
18.0,76,165488.069867
-10.0,92,166368.495203
10.0,86,167539.002764
-8.0,76,170322.078068
-2.0,61,171038.718237
-6.0,76,171824.422361
16.0,69,172449.314691
-2.0,56,172797.966879
4.0,83,173362.538368
-2.0,94,175765.963688
10.0,86,177421.194803
4.0,73,178397.983662
10.0,70,178605.742085
6.0,69,179049.103632
2.0,75,180516.756121
4.0,66,180831.98109
4.0,60,181057.334416
6.0,59,182477.710948
-1.0,77,183730.894235
-2.0,74,184921.280334
12.0,73,186134.442804
4.0,67,187176.200489
10.0,53,188617.622242
4.0,82,189368.511173
-2.0,64,189691.070322
16.0,72,190096.211521
12.0,80,190899.317939
20.0,60,191111.592164
-6.0,70,191203.264153
13.0,68,191429.100378
-2.0,62,192190.181749
-4.0,78,192901.973663
8.0,80,193681.62674
10.0,85,195057.409114
8.0,80,195970.066943
8.0,62,196820.393773
4.0,79,197960.172029
10.0,76,199234.653668
6.0,87,200048.019152
139.0,102,202032.036769
10.0,59,202532.431821
127.0,11,202665.527824
3.0,81,203849.382215
20.0,94,206091.232581
6.0,65,206995.753677
4.0,82,207637.072452
14.0,72,208885.430488
7.0,59,209491.253034
69.0,60,210791.784621
2.0,96,212472.579134
0.0,53,213092.395351
14.0,104,215165.806449
8.0,71,215684.561619
16.0,82,217165.815325
14.0,68,218214.93271
16.0,60,218947.311764
16.0,62,219539.527057
-4.0,101,220772.165331
6.0,84,222068.533874
12.0,78,222924.775771
12.0,74,223484.760317
34.0,9,223514.925446
5.0,93,224269.433299
16.0,77,224601.705477
-2.0,69,225229.43551
10.0,68,225618.185307
24.0,78,225934.228993
2.0,100,227456.668241
151.0,19,227889.97906
14.0,71,228262.197744
0.0,55,228668.781764
0.0,66,229038.103079
4.0,63,229790.440124
8.0,65,230577.749382
-1.0,98,231672.716105
24.0,71,232395.327148
-1.0,59,232824.351874
4.0,50,233197.58083
0.0,67,234161.945793
12.0,81,236311.841293
14.0,84,237221.593901
2.0,61,238035.729863
12.0,68,238209.940041
18.0,59,238580.789814
26.0,63,239248.351012
8.0,68,239749.065693
8.0,71,240188.448941
12.0,65,240676.247
26.0,61,242774.91323
-2.0,88,243837.568297
12.0,105,244800.552216
12.0,63,245164.278072
20.0,84,245826.140602
4.0,84,247967.084795
14.0,57,248673.483733
-2.0,86,249131.209612
18.0,70,249833.849495
24.0,83,250718.8698
4.0,76,251354.499965
8.0,69,251750.420098
12.0,57,252241.87828
10.0,67,252712.789191
8.0,69,253267.966647
14.0,101,253708.093187
16.0,66,254392.579354
16.0,56,255092.32644
26.0,63,255610.957369
10.0,89,256923.226925
14.0,82,258409.051394
82.0,42,259007.08407
12.0,77,259461.097914
124.0,56,260424.964816
2.0,88,261850.800581
10.0,79,263275.656067
16.0,74,264560.893846
18.0,68,264966.910996
18.0,83,265990.918359
8.0,62,266945.428071
16.0,92,267990.468481
24.0,103,268886.478574
185.0,4,268980.853961
0.0,92,269641.122298
4.0,72,269963.295513
6.0,77,270573.060445
0.0,63,270846.980293
149.0,45,271362.552472
6.0,92,272117.877387
12.0,79,274022.322447
30.0,87,274713.258937
14.0,65,275416.2287
12.0,69,276161.198042
20.0,62,276771.434721
2.0,90,277262.831158
28.0,91,277469.997048
12.0,84,278767.537418
8.0,85,279895.755013
6.0,86,280246.402276
18.0,65,280685.611047
70.0,100,282106.401635
0.0,67,283255.119007
16.0,69,284023.019087
2.0,64,284632.330523
22.0,79,285334.99441
24.0,83,286302.003002
-4.0,79,287025.768144
8.0,93,288364.017623
8.0,63,289044.750348
28.0,92,289685.829117
6.0,89,290564.523972
8.0,70,291852.527469
63.0,40,292393.295638
10.0,76,293484.524116
16.0,79,294301.763221
8.0,74,295196.7992
149.0,27,295607.936506
14.0,62,296494.690922
8.0,77,296901.619913
97.0,70,297451.932418
8.0,112,298139.69692
14.0,100,298932.817425
10.0,88,299889.091736
4.0,87,300771.797125
8.0,73,301645.018873
6.0,99,302724.829945
12.0,101,304057.58446
-2.0,68,304303.598156
0.0,1,304340.277646
12.0,75,304466.943145
22.0,76,306253.352546
14.0,81,306783.981273
24.0,129,307693.755944
-4.0,83,308079.722254
14.0,76,309174.959164
8.0,103,309393.079386
12.0,80,310103.343541
-4.0,90,310516.041077
10.0,82,311089.616625
16.0,92,311414.503667
18.0,79,312083.416659
22.0,84,312401.615873
-4.0,84,313444.802273
8.0,75,314547.732849
94.0,59,315588.48316
10.0,102,316189.902567
12.0,88,316652.950777
18.0,71,317473.962742
4.0,67,317760.350614
4.0,137,318612.662025
18.0,160,319075.376626
16.0,88,319643.318841
8.0,73,321490.824726
4.0,84,321823.573414
-2.0,97,322424.622336
10.0,73,322807.590429
12.0,79,323805.817538
8.0,84,324437.97006
14.0,108,324914.544417
12.0,93,325126.29147
-4.0,90,326119.516864
20.0,80,326511.751411
20.0,84,326966.822232
24.0,114,327785.943334
10.0,80,328031.801845
14.0,89,328936.322158
39.0,75,329332.550866
10.0,102,329783.105762
8.0,81,330071.319185
16.0,78,331042.189448
8.0,88,331498.547204
4.0,99,332287.39166
18.0,104,333154.162894
43.0,106,333990.644198
2.0,77,334101.610805
10.0,91,334550.130109
6.0,84,335207.012905
14.0,91,336140.724003
30.0,113,336405.215678
8.0,96,336683.265096
6.0,109,337335.902756
24.0,77,338104.064923
16.0,109,339640.720618
14.0,98,340341.790325
18.0,84,340574.76871
18.0,82,341811.065831
14.0,109,343147.810778
43.0,49,343511.819073
-2.0,92,344241.632859
20.0,117,345617.071408
10.0,138,346172.752782
6.0,108,347280.444509
14.0,100,348228.816439
43.0,39,348440.921145
18.0,92,349328.727052
12.0,106,350612.198144
-2.0,93,351836.727175
4.0,58,352194.751971
18.0,83,352754.383929
11.0,108,353365.714502
20.0,94,354191.275113
-3.0,117,354910.764637
2.0,111,356812.353565
166.0,46,357245.952125
14.0,99,358180.302088
14.0,68,358468.327803
-6.0,103,360104.475987
14.0,108,360709.500588
10.0,107,361545.891252
20.0,103,362228.403126
1.0,172,363261.937841
10.0,91,363684.174341
14.0,96,364121.927914
6.0,77,364470.101131
14.0,78,365812.764141
14.0,107,366219.760379
8.0,95,366863.890738
24.0,123,367798.545037
36.0,92,368901.520002
28.0,86,369122.170057
4.0,115,370135.991093
30.0,97,370697.780945
52.0,3,370718.741035
18.0,119,371443.905781
32.0,72,372174.016043
12.0,93,373516.196885
104.0,54,373809.248916
28.0,125,374396.600724
26.0,81,375173.434901
12.0,69,375582.929419
6.0,98,376121.825058
14.0,97,377221.649232
18.0,76,378190.30372
24.0,86,378664.502509
14.0,75,378913.734628
20.0,103,379539.55705
0.0,110,380415.599168
57.0,76,381086.731225
49.0,19,381315.685385
146.0,24,381669.863104
-2.0,63,382460.120831
12.0,108,383993.79014
12.0,112,384519.063992
22.0,95,385262.931378
12.0,108,385918.790247
4.0,94,386500.74071
16.0,88,386732.50499
121.0,41,387248.703883
48.0,114,388021.197664
10.0,95,388630.866436
30.0,103,388979.285938
29.0,114,390615.819844
8.0,108,391112.118068
34.0,83,392084.187761
12.0,105,392693.452488
14.0,96,393435.837312
44.0,116,393967.111963
18.0,103,394903.916818
18.0,136,395542.87585
12.0,145,396447.560754
14.0,81,397225.711957
20.0,107,398012.48897
16.0,85,398592.180473
26.0,138,399621.476769
12.0,87,400219.581093
6.0,86,400641.332727
10.0,97,401204.207927
10.0,119,401575.659284
14.0,89,402404.963122
12.0,91,402750.024993
10.0,116,403322.269935
16.0,118,404249.397647
22.0,82,405024.935475
18.0,110,406318.320491
12.0,103,406688.200942
18.0,123,407162.157094
22.0,84,407553.026812
30.0,112,407992.899501
18.0,91,408446.685986
12.0,108,409207.326251
14.0,73,409685.917515
2.0,73,410497.288455
24.0,155,411506.510518
4.0,72,411970.909702
10.0,95,412716.795267
14.0,125,413015.489146
14.0,75,413646.095615
33.0,49,413674.387691
14.0,91,414201.604252
18.0,97,414834.481941
16.0,73,415581.014583
30.0,62,416121.7728
6.0,128,416960.685329
28.0,98,417220.692329
24.0,105,417809.318343
16.0,89,418109.579641
4.0,91,418576.808803
8.0,136,419088.463696
68.0,40,419419.928093
14.0,87,419952.68838
10.0,130,420932.247294
36.0,92,421400.512005
12.0,101,421683.381295
18.0,114,422656.28006
24.0,106,423094.508859
119.0,44,423375.157916
4.0,111,423784.621477
4.0,143,425174.728975
0.0,167,425936.852148
18.0,109,426882.316052
10.0,107,427353.299083
2.0,129,428538.338144
10.0,98,429687.544233
18.0,99,430569.548874
2.0,92,431468.861376
16.0,105,432315.909533
22.0,108,433814.660361
26.0,133,435301.750989
42.0,81,435537.853682
8.0,138,436272.248788
18.0,99,437864.019432
6.0,104,438270.776971
10.0,133,438824.821222
12.0,106,439232.841021
7.0,87,440027.99376
-4.0,88,440349.573136
163.0,36,440517.03674
-6.0,83,440873.925976
28.0,104,441548.30573
8.0,101,442047.29022
24.0,100,443062.768338
-2.0,121,444252.426013
13.0,122,445530.507981
30.0,95,445790.804286
4.0,103,446281.050441
16.0,83,446466.652598
40.0,84,447293.310626
39.0,51,447446.528777
2.0,130,448133.901058
26.0,92,448634.052302
28.0,86,449111.357168
14.0,98,450134.348197
36.0,94,450306.028853
52.0,6,450349.352528
26.0,98,451057.404174
22.0,93,451388.402232
6.0,123,452368.15873
10.0,92,452945.388618
14.0,124,454091.286563
24.0,116,454804.401233
7.0,122,455513.47592
16.0,99,456207.549832
18.0,113,457156.449649
12.0,135,457738.864631
12.0,157,458997.098708
63.0,44,459478.090745
63.0,76,459963.708005
36.0,99,461101.747248
15.0,70,461256.560509
20.0,123,461922.976537
11.0,123,463022.352221
67.0,13,463122.870193
16.0,93,463893.687407
32.0,113,464947.404099
10.0,120,465456.269522
10.0,114,466395.146374
32.0,60,466589.08724
42.0,85,467046.469722
111.0,14,467211.485989
16.0,118,467651.692831
57.0,109,468221.065328
2.0,95,468540.690495
22.0,97,469243.630305
65.0,56,469440.133516
73.0,104,469943.362165
10.0,74,470391.82024
2.0,113,470743.238455
2.0,95,471309.1646
-4.0,103,471587.524243
26.0,125,472499.804605
4.0,133,473263.128692
20.0,125,473992.61572
10.0,207,475360.304463
165.0,94,476181.127469
30.0,203,477323.018865
12.0,111,478095.754081
45.0,71,478811.587776
8.0,129,479491.61656
26.0,99,479835.154633
77.0,90,480398.247249
24.0,109,481041.261618
22.0,119,481651.561149
106.0,9,481712.814202
34.0,88,482225.883863
61.0,99,482636.297162
4.0,108,483433.528568
30.0,101,483769.998756
24.0,133,484225.790613
16.0,186,484509.406277
18.0,127,484974.081781
12.0,117,485503.909363
18.0,119,486478.087086
144.0,51,486957.048104
24.0,112,487545.000841
36.0,111,488352.415776
16.0,166,489320.72804
18.0,127,489952.719843
27.0,119,490678.323668
20.0,135,491475.014408
8.0,209,492220.449981
26.0,123,492898.107708
10.0,112,493216.972502
12.0,105,493832.118885
8.0,82,494116.826104
6.0,82,494727.961078
0.0,162,496227.139126
40.0,114,496907.520278
14.0,124,497222.216742
14.0,181,498351.658412
24.0,80,498989.640935
43.0,95,499825.054783
26.0,162,500680.178746
18.0,142,501880.636496
46.0,100,502456.691711
28.0,70,502775.652422
8.0,133,503503.156241
60.0,32,503592.123666
8.0,156,505171.01589
60.0,113,505493.728178
0.0,116,505764.615205
16.0,117,506416.471575
34.0,122,507515.623797
12.0,109,508309.570728
20.0,123,509332.146358
28.0,94,509937.164069
2.0,94,510307.831944
8.0,152,511417.010708
-4.0,112,512285.801141
18.0,97,512540.420856
22.0,209,513522.81988
99.0,2,513594.97709
14.0,139,514189.348381
18.0,140,515335.6117
30.0,139,516333.742535
10.0,89,516654.705162
17.0,136,517465.68625
4.0,200,518096.312683
58.0,168,519115.530797
39.0,116,519942.736504
0.0,81,520757.148114
22.0,128,522136.927411
8.0,107,522500.284492
0.0,156,523658.651183
35.0,86,523969.862702
6.0,199,524956.202074
12.0,179,526354.269646
16.0,122,527033.978271
28.0,78,527896.034678
46.0,54,528136.635071
18.0,150,529020.876675
26.0,134,529571.973296
18.0,123,530142.740921
26.0,119,530931.147289
14.0,177,532141.174506
-8.0,88,532451.172851
18.0,124,532976.30138
43.0,74,533259.389285
8.0,152,534410.626022
10.0,144,535465.427
26.0,109,536435.968112
2.0,152,537442.224522
0.0,3,537487.529777
36.0,77,537952.61288
29.0,102,538409.864529
16.0,167,539125.763645
16.0,104,539678.452806
26.0,127,540660.977388
7.0,164,541277.914976
32.0,26,541360.148371
47.0,44,541506.340723
10.0,127,542867.457291
20.0,147,543497.628125
22.0,97,544188.711309
10.0,88,544609.596424
0.0,121,545269.901985
38.0,91,545488.847762
10.0,137,546560.816398
-4.0,120,547190.332047
8.0,127,548262.519255
10.0,168,549281.110767
64.0,90,549629.865121
59.0,99,550086.595415
54.0,85,550688.270502
2.0,184,551518.894774
36.0,42,551739.675229
14.0,110,552262.238168
26.0,96,552662.034544
64.0,18,552756.560582
80.0,56,553258.074814
-6.0,158,554032.777927
36.0,120,554526.1268
18.0,128,555047.430145
16.0,214,557124.039201
10.0,121,558010.737353
4.0,131,558547.695738
8.0,237,559010.082114
4.0,211,559601.840287
6.0,228,560467.953382
28.0,139,560953.176653
6.0,151,561549.61061
24.0,160,562025.904865
6.0,123,562888.634829
37.0,125,563751.343075
30.0,120,564445.896023
24.0,157,565194.70091
14.0,266,566791.364488
10.0,154,567781.389907
178.0,61,568634.610696
6.0,127,569691.606126
38.0,127,570071.797534
38.0,81,570493.713773
28.0,159,571214.614058
6.0,131,571883.318684
22.0,117,572615.667018
24.0,97,573047.650333
26.0,98,573860.67993
110.0,103,574175.259764
47.0,98,574620.84554
28.0,124,575214.496094
44.0,58,575689.794702
-2.0,184,577133.256843
4.0,218,578308.784081
10.0,152,579242.65677
63.0,71,580246.76012
41.0,43,580459.798727
40.0,120,580930.175386
0.0,1,580961.296634
8.0,175,581778.063805
14.0,127,582254.61179
34.0,143,582779.058252
20.0,236,584063.891941
60.0,172,584838.323657
30.0,166,585789.627082
12.0,162,586473.103542
16.0,146,587795.417314
14.0,146,588532.007478
22.0,108,588895.853256
26.0,195,589831.729523
32.0,176,590899.583298
26.0,144,592072.850589
39.0,248,593178.042841
30.0,84,593450.257749
12.0,204,594796.496775
30.0,97,595271.894536
2.0,176,596342.169596
60.0,47,596659.225015
52.0,48,596744.743281
44.0,71,597157.377066
94.0,56,597480.633301
50.0,70,597808.000686
6.0,274,598879.312355
43.0,62,599034.842573
102.0,22,599169.912129
57.0,89,600248.950487
10.0,150,601152.121275
16.0,127,602138.841256
43.0,53,603007.288913
38.0,115,603522.204968
51.0,14,603779.398446
49.0,57,603971.454369
48.0,80,604218.265338
20.0,114,605128.040404
2.0,174,605901.472873
47.0,126,606485.254968
8.0,132,607340.980874
38.0,79,607855.344583
6.0,140,608797.089736
39.0,79,609288.941348
51.0,87,609670.850559
48.0,238,610735.462332
26.0,168,611689.129483
70.0,75,612252.241844
28.0,129,612891.248417
-8.0,152,613672.032035
22.0,149,614755.089295
4.0,269,616336.995252
48.0,29,616490.636226
40.0,285,617563.860812
24.0,182,618312.432201
42.0,77,618713.352453
167.0,47,618900.865308
51.0,170,619635.049719
90.0,50,619738.119568
44.0,132,620728.90361
16.0,157,621217.23466
29.0,132,621957.869491
12.0,158,622842.839424
45.0,61,623195.819828
24.0,133,624169.971828
34.0,114,624752.253778
32.0,191,626166.038482
26.0,143,627149.959303
65.0,155,628543.381732
65.0,63,628760.513958
6.0,161,629616.019103
30.0,121,630039.106955
51.0,148,630671.48541
35.0,73,631182.564213
24.0,172,632112.785938
43.0,156,633100.448601
48.0,36,633329.606415
0.0,210,634542.713861
0.0,79,634965.95465
44.0,83,635293.9127
41.0,115,635558.818909
10.0,147,636089.473218
14.0,163,637264.88913
41.0,136,638270.781098
35.0,26,638571.599782
6.0,254,639719.05128
33.0,83,640218.556766
65.0,92,640692.652697
0.0,1,640741.685697
0.0,224,641717.316038
24.0,183,642766.342895
20.0,165,643681.383624
8.0,151,644302.021091
82.0,33,644374.726149
16.0,164,645082.363734
12.0,223,646156.101146
54.0,95,646606.810513
24.0,198,648145.34691
18.0,125,648568.313768
23.0,96,649034.001065
4.0,187,650034.086232
22.0,74,650444.040061
38.0,192,651538.66358
39.0,28,651806.137527
32.0,189,652899.665763
8.0,154,653958.940462
39.0,123,654330.294407
20.0,256,655167.964832
42.0,94,655588.135057
14.0,182,656844.867835
50.0,90,657218.062191
2.0,151,658666.449253
40.0,73,659330.351924
43.0,52,659857.309229
22.0,124,660319.591557
12.0,116,660919.858135
35.0,108,661258.42691
66.0,177,662231.661674
26.0,155,663059.629414
0.0,167,663991.720008
26.0,100,664603.992678
147.0,133,665407.93046
0.0,132,666102.871947
26.0,105,666757.893544
82.0,52,666931.991615
6.0,215,668191.690194
28.0,118,668818.381921
129.0,103,669789.694421
14.0,255,671233.087392
23.0,70,671640.563884
8.0,201,672736.372936
162.0,11,672855.610643
37.0,64,673428.477372
20.0,172,674464.374581
32.0,146,674996.553066
24.0,268,676277.186623
49.0,162,677284.833675
68.0,63,677635.602867
14.0,114,678131.377933
28.0,113,678739.445978
32.0,75,679119.915175
18.0,115,679785.074746
48.0,39,680060.841311
53.0,45,680105.320577
4.0,181,680699.359992
24.0,118,681124.206093
63.0,188,682359.317816
26.0,135,683392.059088
0.0,1,683423.102547
196.0,64,683857.534701
8.0,156,684560.194193
8.0,118,685583.985065
36.0,172,686716.994595
55.0,63,687175.346861
14.0,207,688848.429315
0.0,126,689717.300612
28.0,146,690998.425994
56.0,70,691684.82124
42.0,103,692343.357675
24.0,141,692871.163491
36.0,143,693629.172898
47.0,57,693889.119032
30.0,199,696189.667202
8.0,186,697205.669276
30.0,167,697917.110912
116.0,46,698451.177632
65.0,35,698574.461211
26.0,183,699861.892086
32.0,143,700454.279705
28.0,307,702315.558639
24.0,145,702749.726948
36.0,259,704046.341445
41.0,96,704441.566043
6.0,194,705431.17683
18.0,116,705858.8105
37.0,169,707457.592883
24.0,182,708662.118499
10.0,164,709443.713258
24.0,146,709990.389351
48.0,77,710795.021192
-4.0,332,712336.7967
130.0,2,712392.621822
47.0,25,712568.968862
16.0,134,713393.599528
14.0,207,714819.045661
26.0,158,716010.304897
16.0,218,717387.579877
24.0,136,718048.949287
60.0,138,718797.284882
24.0,124,719520.91498
44.0,146,720179.598274
16.0,214,720913.271538
32.0,207,722068.282356
59.0,87,722460.329897
139.0,89,722853.075118
20.0,184,723448.145129
18.0,163,724419.638234
48.0,59,724788.491169
2.0,107,725240.136962
32.0,180,726057.632926
10.0,137,726872.62625
41.0,120,727366.906763
22.0,194,728177.750928
6.0,239,729499.937191
44.0,43,729794.318145
52.0,89,730093.986804
38.0,123,730696.842614
20.0,133,731376.133882
35.0,44,731671.43953
32.0,89,732214.340175
20.0,196,733196.904693
0.0,260,734104.587604
14.0,183,735071.166434
51.0,94,735571.634174
0.0,183,736806.280707
8.0,145,737483.986106
56.0,56,737619.501412
38.0,141,738444.735699
46.0,70,738997.831072
22.0,186,740394.247834
24.0,175,741340.490651
8.0,207,742971.770993
31.0,132,743891.839252
18.0,190,744819.706238
12.0,215,745964.43837
83.0,175,746837.992278
24.0,131,747259.578244
8.0,157,748320.978878
-4.0,280,749691.797681
6.0,193,750949.139359
26.0,324,753558.395519
22.0,110,754162.555288
26.0,203,755372.178866
36.0,169,756046.972544
42.0,90,756561.30036
24.0,168,757250.447679
33.0,133,758189.115201
18.0,133,759110.889895
20.0,112,759970.031346
56.0,190,761662.896345
38.0,77,761812.040384
103.0,52,762121.315656
50.0,80,762687.957943
77.0,87,763186.340911
6.0,158,764503.824105
20.0,155,765623.462451
41.0,26,765754.90002
26.0,201,767119.014476
40.0,124,767988.27168
8.0,214,769156.204649
4.0,231,771952.966715
29.0,76,772627.541477
156.0,34,772824.842524
10.0,176,773930.926238
10.0,105,774608.958611
16.0,208,776318.059377
0.0,112,776915.836416
-2.0,148,777573.296174
14.0,135,778597.761433
50.0,131,779038.838525
38.0,209,780551.301095
20.0,129,781657.296219
24.0,217,783029.50507
127.0,21,783125.498802
-2.0,239,785126.028997
52.0,48,785293.90155
4.0,423,787247.402227
8.0,189,788093.060657
31.0,247,789546.584129
27.0,208,790488.579233
31.0,145,791130.876131
-6.0,279,792977.387384
25.0,47,793172.919292
2.0,147,794093.539258
18.0,187,794969.302392
16.0,126,795277.51442
51.0,112,796042.648374
28.0,45,796164.995976
29.0,263,797607.115751
48.0,1,797628.894634
46.0,145,798711.414796
20.0,407,800904.896615
24.0,251,802190.200713
12.0,133,803417.194823
132.0,50,803777.886896
16.0,179,805079.252588
24.0,278,806352.933432
56.0,155,807556.60341
41.0,56,807891.281003
35.0,39,808112.040839
54.0,171,809097.998316
4.0,157,810015.255084
6.0,109,810590.547377
18.0,166,811092.054331
18.0,119,811537.021503
16.0,234,812644.652632
58.0,98,813591.769497
34.0,211,814680.35106
2.0,447,817412.243464
21.0,67,817712.523903
56.0,102,818312.385689
16.0,264,819659.717505
24.0,97,820163.209008
36.0,27,820405.108087
28.0,399,822712.066092
32.0,269,823872.590704
4.0,474,826952.583503
53.0,55,827253.166999
54.0,121,827714.148344
26.0,277,829799.709203
6.0,268,831457.106575
16.0,156,832228.879627
32.0,259,833506.900912
-4.0,156,834251.774472
30.0,140,834808.940453
20.0,387,836715.758675
41.0,101,837706.47395
26.0,102,838331.933249
6.0,396,840280.023917
20.0,135,841080.631449
12.0,187,841636.817117
55.0,45,841835.729178
127.0,10,841870.46329
151.0,88,842177.585706
13.0,208,843702.943907
22.0,145,844559.028696
20.0,263,847713.04225
6.0,652,851657.010458
10.0,237,852665.870183
55.0,144,853215.497334
26.0,166,854206.205618
4.0,297,855028.050322
221.0,59,855675.668781
36.0,176,856526.680659
68.0,70,856906.825176
113.0,16,857068.597571
10.0,207,858333.464849
4.0,195,858955.880589
18.0,337,860537.539886
43.0,209,861420.349167
51.0,119,861629.967129
16.0,227,862764.662707
47.0,122,863146.032629
36.0,143,864478.843315
37.0,169,865224.771813
37.0,171,866387.225773
50.0,226,867631.432873
2.0,254,868990.297642
29.0,149,869305.982854
6.0,160,870084.557984
47.0,156,870859.202956
14.0,225,871683.662457
35.0,80,872074.253479
22.0,183,872784.908678
10.0,162,873539.480464
33.0,224,874819.134149
51.0,154,875678.736834
14.0,168,876205.742375
36.0,154,877012.994137
32.0,164,877941.79624
32.0,432,880633.721944
36.0,52,880806.288425
10.0,169,881525.094287
12.0,189,882211.364024
69.0,120,882723.215737
65.0,127,883342.95181
80.0,343,884678.52709
59.0,110,885000.816103
12.0,415,887225.075268
19.0,230,889151.428
68.0,112,889946.552123
65.0,189,891186.84639
20.0,82,891657.28681
10.0,173,892865.819888
22.0,302,894279.769392
56.0,156,895525.942687
70.0,154,896358.613316
-6.0,678,900113.635193
41.0,237,901489.436876
41.0,40,901785.710066
30.0,112,902936.206228
219.0,81,903802.239045
8.0,216,905802.183247
70.0,115,907012.643329
22.0,538,909968.483582
49.0,79,910417.313834
121.0,42,910689.120527
16.0,123,911203.428694
30.0,125,911873.253455
41.0,189,913196.654872
45.0,155,913744.442902
38.0,52,914166.244674
81.0,49,914348.137514
31.0,255,915737.197647
48.0,120,916451.516646
30.0,125,917126.394766
12.0,281,918968.547088
22.0,413,921867.874221
28.0,171,922738.226446
35.0,107,923295.52294
18.0,254,924769.568404
21.0,88,925251.39472
58.0,110,926290.7159
62.0,47,926454.139621
156.0,27,926658.31717
24.0,102,927297.490263
10.0,193,929105.691481
32.0,319,931299.530957
48.0,270,933543.903711
78.0,155,934648.015546
34.0,89,935267.40723
34.0,219,937511.390597
46.0,65,937877.00775
34.0,92,940209.698683
53.0,104,940838.851516
99.0,96,941673.395058
42.0,74,942342.677983
66.0,72,942482.764012
45.0,84,943386.87424
28.0,194,944198.72531
2.0,471,947691.246436
42.0,88,948237.348517
2.0,233,949725.609342
8.0,420,952435.606905
31.0,106,953306.785975
44.0,77,953854.642131
95.0,6,953951.358834
80.0,97,954590.958858
20.0,322,956304.558189
20.0,355,958381.426883
43.0,57,958591.816729
49.0,220,961106.640908
22.0,303,962657.867562
133.0,57,962867.076055
54.0,72,963093.976708
59.0,34,963277.909804
47.0,141,963840.688772
119.0,66,964250.617558
34.0,83,964944.798031
27.0,82,965433.320654
29.0,74,965555.096315
10.0,146,966607.232022
54.0,121,967228.819211
14.0,174,968020.786049
-2.0,247,969323.320159
54.0,57,969751.832747
32.0,181,970308.627405
20.0,170,971432.748234
51.0,113,972345.884078
53.0,67,972652.972431
28.0,328,974020.625295
8.0,302,975581.109823
18.0,323,977060.974598
27.0,605,980597.478907
26.0,199,982383.909305
55.0,57,982744.026554
62.0,77,983325.53075
137.0,80,983759.725913
51.0,128,985114.826483
42.0,129,986023.182439
12.0,316,987578.085347
61.0,121,988266.551433
24.0,216,989829.130908
24.0,194,990876.430562
4.0,461,994245.870041
18.0,294,995693.069815
12.0,156,996456.202976
62.0,122,996930.42468
26.0,164,997619.088445
45.0,130,998555.22966
40.0,31,998738.638358
14.0,428,1001418.397043
26.0,198,1002652.640183
34.0,567,1005703.470477
28.0,252,1006909.847353
43.0,162,1007975.2785
50.0,112,1008674.395575
83.0,72,1009050.075141
31.0,102,1009663.28552
28.0,409,1012137.659974
32.0,234,1013446.016647
33.0,287,1015350.705514
14.0,177,1016406.03883
20.0,87,1016833.806485
71.0,231,1018018.101529
76.0,138,1018962.590965
46.0,120,1020291.724856
8.0,383,1022217.537093
46.0,218,1023089.59962
2.0,192,1024115.383402
72.0,46,1024380.133641
26.0,172,1025007.21798
35.0,224,1026296.771095
26.0,172,1027481.917708
35.0,110,1028298.5947
43.0,47,1028451.563955
39.0,144,1029557.977932
51.0,51,1030035.951404
76.0,263,1031665.076984
27.0,88,1032605.70626
46.0,46,1032919.14189
27.0,248,1034250.382316
8.0,342,1036928.621501
90.0,103,1037501.236457
47.0,194,1039332.92968
168.0,6,1039398.679619
48.0,38,1039666.155794
12.0,383,1042046.908906
24.0,219,1043439.353614
87.0,22,1043609.186882
33.0,101,1044692.317909
61.0,9,1044763.6164
34.0,155,1045671.045826
45.0,194,1047415.489638
50.0,113,1048409.425643
38.0,249,1050940.660961
50.0,225,1052260.039824
30.0,465,1055135.081635
20.0,126,1056035.35709
54.0,210,1057031.377684
69.0,126,1058104.719898
68.0,77,1058856.490473
104.0,69,1059208.664994
14.0,388,1061579.612314
40.0,54,1062010.865753
68.0,127,1062757.891925
76.0,347,1065225.660337
-2.0,696,1071067.823419
30.0,147,1071967.637332
35.0,42,1072271.04807
28.0,94,1072848.852437
65.0,35,1073100.619265
54.0,20,1073300.608289
22.0,183,1074716.765362
67.0,114,1075417.454686
20.0,311,1079057.856179
4.0,221,1080205.341611
54.0,89,1080706.088115
57.0,79,1081483.083807
22.0,242,1082755.082079
37.0,152,1083841.871321
28.0,371,1085955.591609
26.0,230,1087940.860321
48.0,148,1088637.869093
30.0,250,1090529.535042
16.0,232,1092277.936872
20.0,308,1094602.591279
22.0,217,1096085.578845
47.0,124,1096775.716791
6.0,605,1099987.563524
22.0,210,1101784.43446
33.0,91,1102456.792277
40.0,62,1102578.102819
38.0,31,1102701.223476
48.0,55,1103062.592036
33.0,155,1104379.302865
21.0,276,1106655.838662
30.0,296,1108595.364779
39.0,119,1109613.952907
14.0,265,1111358.077886
30.0,39,1111674.115503
59.0,97,1112423.794628
135.0,60,1113137.727289
24.0,531,1117218.872604
20.0,196,1119036.635576
16.0,226,1121712.719635
57.0,83,1122322.929328
26.0,203,1123997.611211
35.0,166,1125060.863438
55.0,92,1125584.269154
16.0,260,1127951.79
48.0,81,1128413.800522
243.0,24,1128904.507749
124.0,102,1129430.73469
16.0,188,1130458.406073
18.0,68,1130876.372479
123.0,27,1130981.43524
20.0,208,1133084.729437
23.0,436,1135965.598398
118.0,77,1136516.114182
22.0,228,1138851.342121
35.0,185,1141765.693438
41.0,74,1142179.894801
39.0,193,1143666.732291
63.0,121,1144513.138026
8.0,80,1145098.260918
124.0,105,1145782.253712
55.0,206,1146881.114009
102.0,18,1147047.930604
18.0,134,1148259.53738
16.0,166,1149457.686515
132.0,124,1150207.359032
66.0,127,1150967.648762
46.0,91,1151909.901577
12.0,544,1156403.959833
126.0,164,1157248.039395
49.0,71,1157958.384031
84.0,101,1158927.217142
16.0,317,1161334.861293
36.0,101,1162295.667368
28.0,79,1162518.91209
18.0,357,1164572.887842
21.0,265,1166532.253223
49.0,196,1168059.33359
44.0,110,1168845.006779
53.0,130,1169584.91121
100.0,1,1169636.56335
37.0,178,1170777.807792
115.0,88,1171263.746373
18.0,207,1172956.52382
129.0,92,1173791.95178
32.0,126,1175084.722261
14.0,223,1176760.679582
44.0,249,1178922.778494
14.0,140,1180065.345352
14.0,157,1181045.879959
139.0,44,1181237.15362
61.0,165,1182480.756186
139.0,38,1182805.794195
67.0,321,1185853.851084
39.0,57,1186332.494466
52.0,39,1186609.322915
20.0,185,1188144.634775
56.0,27,1188313.703626
38.0,354,1190405.539017
22.0,282,1192902.173564
46.0,136,1193866.922875
207.0,226,1195341.654143
30.0,125,1196540.539186
123.0,13,1196671.972936
18.0,225,1198411.265944
49.0,172,1200108.972075
44.0,214,1202156.15083
22.0,655,1208653.882441
34.0,551,1214798.271667
66.0,229,1216915.76605
61.0,105,1217669.091986
170.0,46,1217903.794306
46.0,176,1219754.859092
34.0,231,1221745.151846
48.0,52,1222044.324509
74.0,125,1223262.929788
55.0,160,1224565.638497
116.0,31,1225032.825437
52.0,118,1225906.517655
24.0,210,1228192.374149
24.0,202,1229405.273074
57.0,83,1230274.886844
71.0,59,1231074.759206
51.0,110,1232611.370376
10.0,471,1236899.210471
59.0,64,1237358.535526
43.0,61,1237621.525868
58.0,61,1238059.872483
55.0,123,1239250.624496
26.0,241,1240952.315546
26.0,210,1241998.350626
56.0,74,1242685.548609
14.0,137,1243608.259739
49.0,202,1244952.375794
66.0,60,1245387.040615
33.0,103,1247857.442082
25.0,324,1250386.045234
47.0,264,1253133.383508
134.0,172,1254515.139155
43.0,256,1256251.295674
-1.0,402,1259902.089574
22.0,160,1260853.732484
136.0,50,1261306.328514
10.0,342,1263998.682799
53.0,217,1265667.338815
47.0,94,1266359.351577
56.0,26,1266482.954426
83.0,97,1267142.10749
20.0,358,1269553.274281
22.0,735,1276634.162062
47.0,409,1279847.336344
26.0,129,1280821.344
39.0,190,1282044.503869
38.0,148,1283102.365142
10.0,214,1284566.043595
8.0,248,1286886.055493
42.0,158,1288410.848673
49.0,137,1289901.783897
53.0,170,1290953.194761
134.0,167,1292681.734502
12.0,328,1295754.213492
98.0,69,1296409.017842
28.0,159,1299007.948405
47.0,90,1299737.879209
37.0,79,1300078.127904
66.0,44,1300404.935684
35.0,326,1302999.693604
22.0,111,1303909.57787
49.0,117,1305163.458708
41.0,67,1306082.935853
48.0,123,1307089.935336
12.0,267,1309875.802032
46.0,33,1310034.899208
26.0,144,1311436.456482
31.0,32,1311719.973694
64.0,232,1313908.523267
42.0,86,1314633.97275
45.0,122,1315456.105409
70.0,163,1317065.519337
18.0,191,1319083.119908
62.0,159,1320573.737551
39.0,169,1322170.972448
32.0,102,1323086.206376
32.0,55,1323408.521837
16.0,217,1325378.837454
150.0,152,1326798.942814
28.0,429,1330797.594148
27.0,217,1332646.909037
215.0,52,1333506.575402
65.0,58,1334498.657405
35.0,66,1334925.037483
70.0,126,1336319.446104
56.0,72,1337008.947854
26.0,101,1337697.08039
59.0,195,1339898.284366
30.0,214,1342349.433284
54.0,81,1342966.797719
26.0,281,1344957.648759
59.0,14,1345035.975069
12.0,329,1347973.595201
24.0,443,1352596.55736
129.0,134,1353559.614038
28.0,231,1355528.725804
71.0,87,1356859.029569
32.0,138,1358058.340934
67.0,61,1359189.976264
29.0,324,1362578.987876
6.0,178,1364225.223877
29.0,69,1364770.74883
34.0,126,1366243.994867
71.0,174,1368036.005957
49.0,75,1369599.258965
55.0,335,1372554.103308
22.0,236,1374894.201267
109.0,69,1375735.039784
18.0,366,1379304.256181
49.0,57,1379755.745279
53.0,55,1380016.385508
32.0,308,1382353.720814
78.0,138,1383745.689603
55.0,73,1384577.757181
18.0,254,1386708.103331
22.0,274,1390572.517416
78.0,50,1390958.582338
111.0,1,1391025.084733
18.0,162,1392032.327447
52.0,177,1393096.532331
52.0,185,1395015.281327
36.0,59,1395589.055173
141.0,80,1396290.689004
51.0,205,1397576.591726
50.0,100,1398592.346393
38.0,163,1400449.229106
46.0,69,1401137.161024
54.0,75,1401745.597746
117.0,1,1401792.232545
55.0,160,1403260.369607
28.0,718,1409244.864588
51.0,95,1410136.479712
41.0,41,1410624.450928
10.0,302,1413941.999805
38.0,285,1416514.422735
48.0,17,1416692.834932
8.0,348,1420240.557818
39.0,113,1421350.103908
108.0,59,1421895.086466
150.0,182,1423580.725578
34.0,488,1428206.502402
46.0,59,1428751.690074
55.0,64,1429236.957755
48.0,130,1430353.327059
23.0,335,1433051.06296
42.0,240,1435425.180989
44.0,55,1435989.743784
57.0,130,1437733.663194
138.0,178,1439492.486585
12.0,76,1440133.342558
69.0,194,1442145.964718
193.0,125,1443424.192861
22.0,295,1446779.476426
37.0,26,1447038.269635
51.0,195,1448394.161558
40.0,96,1450211.947296
22.0,298,1453662.860447
149.0,285,1457495.795016
20.0,367,1461455.538162
41.0,112,1462672.062853
63.0,456,1466804.547156
16.0,275,1470914.132249
42.0,108,1472187.684643
2.0,251,1474423.22078
38.0,60,1474790.292259
44.0,161,1476022.373145
50.0,274,1478698.177396
