#{"t_start": 1673708514.2494516, "env_id": "sokoban-turtle-v0"}
r,l,t
-2.0,54,72.355921
2.0,38,280.68959
-8.0,39,310.911479
-8.0,49,471.710316
28.0,1,480.337255
-18.0,55,643.706039
-8.0,53,1196.953671
-19.0,51,1430.144471
-4.0,47,1492.57155
6.0,42,1646.823816
64.0,9,1695.32669
-15.0,40,1885.755515
-2.0,45,2041.276959
-10.0,37,2176.352408
-22.0,66,2562.19817
8.0,34,2714.289089
30.0,13,2769.690255
-12.0,31,2839.391623
-18.0,62,3010.127476
77.0,32,3312.609148
-4.0,33,3691.295422
-9.0,48,3853.214909
-40.0,60,3946.103021
-12.0,38,4174.823638
-2.0,51,4697.631596
0.0,34,4899.23852
-22.0,47,5088.81129
6.0,41,5254.138872
2.0,39,5386.699911
-8.0,37,5547.643303
-32.0,66,6078.627046
-20.0,45,6137.21099
4.0,36,6250.570503
4.0,36,6361.611221
-2.0,35,6443.048756
-14.0,43,6680.747938
-6.0,52,6759.132795
-8.0,31,6828.42326
-16.0,66,7208.780324
-18.0,42,7461.011204
50.0,10,7675.846184
-8.0,36,8244.415768
-8.0,48,8522.390883
-10.0,36,8864.934474
-32.0,38,9121.422343
-16.0,36,9190.771546
-16.0,45,9441.510265
-8.0,36,9540.394348
-8.0,51,9621.507885
-6.0,37,9980.659044
35.0,8,10086.336657
-12.0,39,10219.991146
0.0,54,10421.730182
-4.0,40,10461.269171
-6.0,36,10526.227508
-36.0,60,10690.624954
32.0,3,10695.261344
-10.0,40,10887.956121
-4.0,52,11012.257915
-8.0,32,11166.719767
-16.0,45,11270.039713
-8.0,54,11727.226694
-20.0,39,11858.054885
-2.0,40,12215.824499
2.0,65,12422.222111
49.0,9,12500.557385
-4.0,42,12599.389855
-2.0,42,12639.10001
-2.0,33,12776.45141
-18.0,54,13186.066338
-10.0,48,13272.267646
-10.0,42,13351.690503
-8.0,46,13528.419846
2.0,55,13734.687852
-14.0,38,13944.537947
30.0,20,14096.707092
-6.0,63,14290.098238
-16.0,46,14558.89999
-8.0,45,14669.103055
-12.0,58,14755.666992
0.0,31,14962.100158
-14.0,44,15119.035537
-10.0,54,15486.909154
2.0,42,15588.686551
-10.0,36,15893.395725
0.0,36,15985.341815
2.0,35,16050.522147
-4.0,40,16194.933739
-2.0,35,16210.86745
-8.0,32,16376.611458
-14.0,41,16824.94006
-12.0,72,17201.047861
-4.0,39,17358.317764
6.0,49,17554.795206
-8.0,37,17826.853531
-4.0,54,18103.925352
-6.0,48,18397.185129
0.0,46,18636.756572
-6.0,48,19049.323362
-6.0,49,19558.743805
-4.0,50,19832.467538
-10.0,58,20069.805885
0.0,31,20209.441432
-6.0,43,20624.658497
-6.0,33,20681.646743
8.0,34,20795.372285
0.0,42,20911.006216
-6.0,42,21009.28371
6.0,49,21068.906917
-10.0,63,21347.270028
-8.0,53,21537.464898
-10.0,41,21743.566035
0.0,36,21802.888803
-14.0,59,21947.985735
6.0,65,22502.256543
-4.0,47,22602.829163
-8.0,41,22688.879273
-14.0,48,22800.622816
2.0,45,23124.832457
2.0,48,23363.109514
-4.0,55,23559.696946
-9.0,40,23849.668335
2.0,48,24087.76164
0.0,28,24140.076521
-10.0,56,24415.403145
-2.0,53,24809.735133
-4.0,51,24987.932069
-6.0,40,25525.035548
0.0,43,25643.481052
-18.0,54,25875.705083
-2.0,45,26008.170666
-2.0,33,26266.802791
10.0,39,26392.814149
-10.0,40,26675.646458
-6.0,34,26907.22004
2.0,41,27135.168009
45.0,13,27243.15789
-10.0,42,27592.801859
-2.0,34,27883.104253
-6.0,63,28201.761232
0.0,40,28478.956614
0.0,49,28763.587797
0.0,43,29163.528009
-2.0,44,29337.219047
6.0,41,29742.339988
-4.0,39,29891.497207
-20.0,60,30375.350796
-10.0,48,30647.259775
-6.0,41,30822.168348
-10.0,34,30999.220035
-4.0,45,31226.474568
17.0,5,31312.381325
2.0,50,31599.07178
4.0,38,31673.069438
0.0,32,31765.861733
-10.0,38,32047.893106
-4.0,46,32186.023563
-2.0,36,32326.030493
-8.0,53,32618.990215
6.0,39,32799.444901
2.0,50,32921.374065
-4.0,53,33096.952992
0.0,52,33540.309384
0.0,49,34005.182178
0.0,36,34822.349105
-6.0,43,35033.738021
-15.0,35,35088.991072
-2.0,39,35318.159596
-16.0,42,35658.839837
-6.0,66,35998.964295
6.0,35,36263.385691
-4.0,43,36438.815443
4.0,28,36598.403496
-10.0,40,36770.211
-14.0,52,36900.303828
-4.0,58,37214.804654
0.0,48,37648.537254
-4.0,50,37876.150959
-14.0,39,38025.333511
-6.0,38,38227.27249
-8.0,58,38513.655286
-6.0,48,38748.860391
-12.0,40,38964.124496
-2.0,37,39126.536465
0.0,43,39213.65421
-4.0,60,39495.462545
-2.0,48,39751.303277
8.0,49,39799.622714
-4.0,50,40004.58135
2.0,50,40292.453034
-2.0,35,40357.300822
-1.0,44,40960.844681
-8.0,39,41065.512603
-10.0,58,41201.78258
0.0,65,41390.964127
0.0,37,41559.422788
-2.0,60,41800.376566
-6.0,41,41877.759257
-5.0,40,42037.77041
0.0,41,42110.842653
4.0,51,42443.669335
0.0,65,42587.795655
31.0,7,42705.591918
0.0,47,43051.047416
-4.0,40,43387.204984
-10.0,40,43715.482657
6.0,47,43917.721713
-4.0,51,44306.073408
-5.0,60,45072.426579
-4.0,46,45152.041323
134.0,3,45184.743608
28.0,13,45222.282977
-4.0,36,45267.916286
0.0,45,45313.021175
4.0,49,45588.905853
8.0,47,45672.565097
4.0,66,45932.959019
5.0,53,45995.843491
-2.0,38,46407.410365
0.0,55,46666.012306
2.0,44,46733.7063
-3.0,57,46878.669858
-3.0,37,47094.823491
-4.0,39,47593.495876
-8.0,60,47929.206536
4.0,34,48055.287551
2.0,41,48085.528329
-4.0,43,48327.527446
4.0,43,48417.293988
-4.0,52,48537.155125
38.0,48,48979.785733
11.0,40,49462.228687
-4.0,42,49501.190972
6.0,45,49617.661415
-10.0,48,49701.917336
-4.0,41,49833.267357
6.0,43,50115.518881
0.0,42,50681.859632
6.0,48,51000.712718
9.0,48,51266.170806
6.0,32,51420.6845
0.0,51,51992.50991
0.0,31,52131.150809
-2.0,41,52268.651762
24.0,6,52359.381999
6.0,46,52640.346761
-4.0,41,52890.211356
4.0,61,53121.843466
0.0,44,53214.536242
-4.0,50,53448.535135
2.0,36,53468.762626
-3.0,46,53884.765296
103.0,42,54169.576059
-6.0,48,54457.512864
1.0,39,54661.958986
-4.0,58,54821.771478
0.0,55,55310.189932
-6.0,54,55694.899006
-5.0,60,55822.95008
4.0,52,55940.667399
0.0,30,56066.427803
4.0,31,56339.176679
0.0,42,56580.44268
2.0,41,56689.733279
-8.0,59,56779.522491
10.0,36,56953.68855
-4.0,39,57111.364947
-4.0,49,57237.997764
6.0,39,57403.516794
-4.0,44,57638.713186
10.0,45,58031.316663
0.0,59,58489.309245
4.0,45,58592.09372
0.0,28,58643.813687
-6.0,58,58904.803609
8.0,50,59178.474833
-8.0,45,59498.251415
-8.0,36,59588.310194
-6.0,44,59971.901689
6.0,48,59999.35344
2.0,55,60436.15935
4.0,49,60669.323455
0.0,54,60975.611435
0.0,51,61275.53773
8.0,58,61674.94378
0.0,44,61880.322278
43.0,64,62241.830214
2.0,50,62373.846297
5.0,52,62719.219399
-12.0,47,62867.464004
1.0,61,63216.567143
0.0,31,63449.895759
-8.0,50,63994.561318
-4.0,30,64027.640623
0.0,43,64068.347405
-4.0,54,64295.301259
4.0,35,64562.107913
0.0,42,64964.255146
0.0,43,65635.129318
10.0,38,65760.709951
6.0,34,65882.079002
5.0,50,66217.356959
10.0,39,66702.953519
0.0,2,66738.190113
6.0,48,66983.911656
6.0,37,67118.561837
4.0,59,67266.680967
18.0,43,67454.097165
0.0,43,67507.004963
0.0,36,67539.520047
2.0,42,67802.54925
-6.0,31,67918.495805
4.0,44,68111.586679
23.0,3,68139.929939
10.0,55,68383.294578
0.0,46,68646.333669
0.0,31,68786.618593
2.0,84,69170.020577
0.0,52,69315.52256
5.0,40,69439.344393
-4.0,49,69799.374267
4.0,40,70067.636945
0.0,38,70160.320739
4.0,42,70328.894818
10.0,51,70642.122476
2.0,42,70880.230142
0.0,40,70978.330805
10.0,41,71090.337146
-2.0,48,71162.003259
-6.0,66,71638.543436
-1.0,35,71736.568529
-2.0,36,71793.797075
0.0,37,71967.593543
0.0,40,72169.4483
2.0,42,72532.694502
0.0,28,72611.279068
-6.0,60,72808.861125
0.0,41,73033.761395
4.0,34,73287.70622
-6.0,44,73447.886635
0.0,37,73655.656667
124.0,15,73767.787615
10.0,44,73972.256273
0.0,46,74168.863262
-4.0,45,74264.284419
-2.0,39,74461.877684
4.0,42,74623.684534
-2.0,42,74722.223441
-2.0,46,74901.395984
4.0,34,75009.05589
-4.0,44,75068.894262
0.0,54,75289.970508
4.0,49,75399.908899
2.0,38,75515.748158
12.0,49,75978.174068
2.0,39,76094.516346
6.0,39,76218.611892
0.0,37,76262.037596
8.0,46,76379.198016
4.0,40,76446.262524
-6.0,47,76687.357591
0.0,43,76785.728967
-2.0,39,76867.126489
0.0,37,76969.643155
4.0,39,77166.856966
-6.0,45,77334.548795
4.0,51,77568.61095
0.0,30,77659.481196
0.0,43,77725.9745
0.0,1,77726.032993
119.0,19,77772.256433
-6.0,36,77798.490441
28.0,3,77798.756401
6.0,49,77914.101063
-7.0,37,78099.749671
10.0,38,78288.118108
125.0,14,78378.368376
-11.0,31,78468.98315
8.0,42,78872.931172
0.0,53,79300.574235
10.0,30,79412.696599
-6.0,33,79706.638685
-12.0,42,79818.304005
-1.0,76,80578.710166
-2.0,58,80669.01213
-8.0,49,80827.997737
35.0,34,81159.44491
4.0,48,81553.965269
0.0,42,81784.589566
-2.0,52,82040.892746
-6.0,43,82106.399525
-6.0,46,82210.060819
9.0,43,82583.996742
0.0,46,82936.264645
6.0,52,83321.12186
10.0,57,83552.548292
0.0,57,83994.229073
0.0,39,84141.869575
4.0,51,84482.268405
10.0,42,84633.020448
28.0,36,84829.836166
-3.0,67,85184.407755
0.0,43,85359.993299
71.0,23,85446.14661
0.0,36,85907.776631
13.0,49,86549.086608
-4.0,38,86611.501682
0.0,38,86781.066062
14.0,39,87062.969776
0.0,46,87325.189159
-6.0,42,87430.879914
0.0,44,87520.580719
27.0,2,87521.57502
0.0,1,87552.718796
-8.0,33,87690.204398
-4.0,60,88109.570878
2.0,45,88199.950624
-4.0,41,88467.110617
2.0,47,88784.976056
-10.0,43,89199.62551
-4.0,47,90456.39281
8.0,43,90672.153735
10.0,52,90952.17347
0.0,46,91100.787755
-4.0,47,91350.799764
-4.0,45,91638.129307
0.0,71,91959.804579
4.0,53,92502.641242
-4.0,61,93168.514333
4.0,44,93588.204694
0.0,36,93743.616582
-1.0,43,94139.242529
14.0,6,94139.729541
10.0,44,94323.617644
38.0,15,94337.486188
0.0,37,94454.242878
2.0,57,94472.975981
-2.0,49,94749.601846
0.0,56,94850.751758
29.0,43,94997.868142
12.0,67,95501.356625
36.0,17,95797.255143
0.0,36,96065.449382
32.0,9,96069.176718
6.0,32,96122.785038
4.0,49,96251.858063
2.0,39,96279.98039
0.0,51,96561.892979
8.0,33,96716.696207
10.0,67,96968.586615
0.0,72,97097.402606
10.0,52,97236.418484
20.0,55,97469.59018
-4.0,35,97501.018793
8.0,48,97693.260743
5.0,36,97842.99917
41.0,10,97846.962361
14.0,59,98257.607574
14.0,54,98593.12231
0.0,47,98993.880757
10.0,38,99188.979254
8.0,35,99203.790359
-2.0,44,99328.921378
0.0,44,99483.725286
8.0,37,99520.675861
0.0,42,99614.436473
4.0,45,99765.282611
0.0,52,99880.706744
4.0,46,99947.30114
6.0,43,100294.714046
4.0,47,100463.271274
0.0,46,100594.193645
10.0,45,100758.412099
6.0,42,100843.070882
-8.0,44,100914.85955
-2.0,35,100971.180783
0.0,58,101458.951411
-4.0,39,101555.423124
13.0,64,101640.178131
4.0,42,101884.192009
10.0,40,102136.817946
-6.0,49,102154.514249
10.0,64,102402.969327
6.0,33,102626.594481
-2.0,32,102798.82034
4.0,36,103103.874533
-8.0,32,103190.440649
12.0,69,103413.884361
-3.0,65,103543.17954
10.0,54,103683.959056
4.0,40,103797.809122
0.0,51,103978.751047
-6.0,61,104355.63736
0.0,43,104638.09707
8.0,41,104883.537722
0.0,39,105280.787235
-9.0,54,105559.324144
8.0,52,105680.613405
-4.0,60,105987.926449
5.0,48,106082.302868
8.0,41,106196.815369
0.0,1,106206.505742
8.0,59,106534.43417
-4.0,53,106708.346793
7.0,52,106787.675091
14.0,46,107097.682435
-2.0,42,107125.951375
6.0,48,107215.420491
0.0,43,107633.230475
4.0,44,107951.098571
4.0,70,108212.588179
-4.0,61,108320.92765
0.0,57,108485.886457
4.0,49,108609.323084
-4.0,67,108790.978059
2.0,63,109030.998805
4.0,57,109127.690521
9.0,50,109213.296243
10.0,61,109678.219315
8.0,48,109991.031604
-2.0,51,110497.514056
0.0,43,111006.181129
52.0,21,111090.83373
4.0,61,111177.635027
0.0,39,111244.588659
0.0,52,111478.152575
17.0,37,111642.440529
2.0,45,111881.531675
-8.0,47,112063.180239
8.0,48,112352.784025
4.0,68,112482.74858
8.0,48,112748.833495
4.0,57,112932.766819
0.0,63,113108.537697
8.0,39,113216.893237
32.0,11,113230.488027
4.0,42,113329.238775
2.0,58,113512.004203
4.0,55,113979.987437
10.0,79,114107.58189
8.0,46,114189.671405
82.0,8,114280.318273
0.0,49,114426.092048
14.0,51,114612.043207
-4.0,54,114888.835214
37.0,45,114958.326255
4.0,46,115102.230148
8.0,54,115309.965022
4.0,37,115360.871933
6.0,38,115502.640939
14.0,60,115744.142187
-3.0,53,115899.896449
2.0,44,116085.792364
8.0,57,116357.498661
12.0,50,116879.851432
41.0,17,116906.960172
12.0,46,117041.485463
4.0,51,117101.420638
12.0,52,117507.510528
1.0,50,117663.361758
37.0,13,117685.812941
0.0,54,117843.285234
4.0,80,118540.699226
8.0,47,118707.792456
-4.0,49,118967.418197
14.0,63,119236.125252
-6.0,40,119375.594194
35.0,34,119606.72856
41.0,23,119635.831158
4.0,43,119756.026496
0.0,1,119764.295262
15.0,47,119820.921094
24.0,26,119854.396326
8.0,49,119883.980915
13.0,55,120108.20006
37.0,2,120126.347373
6.0,49,120281.256602
4.0,75,120551.615402
-8.0,53,120816.087329
4.0,56,121076.650662
0.0,51,121388.817792
26.0,60,121626.937556
8.0,60,121775.196891
-2.0,44,121936.162699
0.0,47,122177.599692
4.0,63,122393.931972
6.0,62,122574.150978
10.0,60,122813.05879
38.0,67,123053.247248
12.0,62,123119.534474
12.0,56,123275.631972
25.0,24,123283.047292
-6.0,49,123647.915441
0.0,43,123753.739722
-2.0,49,123851.87582
6.0,80,124065.368984
8.0,49,124315.091437
12.0,53,124482.921989
4.0,52,124684.177682
12.0,41,124860.159561
-6.0,47,125012.311143
4.0,52,125108.359163
4.0,38,125175.934784
8.0,63,125504.668442
0.0,51,126054.805906
4.0,56,126278.86093
4.0,53,126365.927065
8.0,56,126465.453107
4.0,68,126570.568845
2.0,86,126813.281378
3.0,52,127311.386991
29.0,16,127417.41325
14.0,61,127664.146777
0.0,1,127680.600856
67.0,16,127746.433113
-4.0,67,128124.033974
14.0,69,128894.275872
-3.0,64,129296.618884
32.0,10,129372.632571
23.0,60,129467.472126
2.0,65,129549.354797
8.0,51,129719.365787
10.0,79,130067.131926
-2.0,70,130572.527587
14.0,54,130757.185029
36.0,5,130794.076273
2.0,52,130873.997471
12.0,52,130917.289683
16.0,52,131170.655014
18.0,63,131312.747698
2.0,68,131434.694618
25.0,22,131522.644702
6.0,45,131589.238958
-4.0,44,131712.215253
0.0,1,131712.252312
4.0,51,131982.711898
14.0,85,132110.548105
6.0,45,132197.316602
12.0,82,132455.203593
6.0,50,132573.930233
8.0,62,132785.745084
4.0,49,132893.049997
24.0,56,133210.79968
14.0,50,133322.796926
6.0,42,133665.276314
2.0,56,133942.982751
4.0,65,134034.271556
0.0,38,134129.191972
8.0,72,134373.740863
-4.0,67,134448.933957
10.0,42,134554.720924
2.0,73,134797.325602
6.0,88,134904.950936
4.0,55,135010.816191
16.0,104,135314.675141
8.0,65,135450.114617
8.0,41,135511.274833
-10.0,83,135767.765355
0.0,42,135838.034294
0.0,54,135914.828632
40.0,9,135924.484602
8.0,61,136076.377799
14.0,57,136246.076343
-4.0,49,136382.705578
0.0,49,136469.303836
4.0,43,136529.60228
8.0,55,136735.545365
-2.0,43,136864.190893
-2.0,68,136981.149812
28.0,9,136984.448602
22.0,44,137029.52386
-14.0,59,137135.953415
2.0,48,137184.334006
14.0,51,137272.096762
12.0,67,137504.298015
13.0,60,137603.53907
0.0,47,137655.966854
-4.0,83,137971.225027
35.0,27,138041.500186
12.0,56,138386.580816
2.0,48,138552.402907
-4.0,95,138991.406885
6.0,46,139105.344335
14.0,45,139193.065575
-2.0,41,139251.390766
4.0,55,139358.490136
8.0,58,139459.2859
-8.0,106,139625.638075
16.0,51,140036.220757
8.0,62,140161.505298
4.0,51,140258.394838
-4.0,72,140418.687789
63.0,35,140524.038101
47.0,9,140545.754354
0.0,52,140680.142668
-4.0,65,140868.396191
4.0,52,140916.32286
0.0,1,140964.834138
0.0,53,141174.128184
-8.0,62,141354.924824
4.0,59,141442.104464
2.0,55,141624.231755
8.0,67,141756.472713
12.0,73,141816.450302
6.0,64,142163.679398
8.0,80,142252.518017
6.0,76,142560.599753
43.0,20,142658.659845
-2.0,68,143040.98996
2.0,68,143280.415995
4.0,56,143560.793689
14.0,58,143697.764292
16.0,14,143706.253816
2.0,63,143759.363948
6.0,72,143834.072152
6.0,79,143979.253601
12.0,76,144294.456866
-4.0,68,144643.380277
74.0,47,144789.331979
10.0,66,144884.065169
9.0,54,145139.283652
10.0,75,145255.766884
0.0,64,145469.695826
12.0,49,145720.104364
34.0,37,145893.729723
6.0,55,145988.296586
0.0,42,146128.034378
-6.0,61,146347.348701
4.0,45,146398.416926
-12.0,53,146516.16452
8.0,46,146572.866432
4.0,48,146666.666917
0.0,44,146883.083363
2.0,56,147043.965571
6.0,72,147298.756533
0.0,68,147425.187884
2.0,46,147519.050622
14.0,64,147695.532476
6.0,57,147906.59514
2.0,51,148168.876683
-2.0,78,148405.664344
0.0,53,148638.186969
8.0,61,149026.45831
-6.0,44,149118.895096
25.0,21,149206.391448
2.0,45,149357.851541
19.0,4,149358.018353
10.0,45,149498.242911
2.0,53,149574.67142
0.0,68,149827.158828
6.0,53,149942.169103
2.0,79,150270.06657
2.0,62,150671.912917
12.0,58,150963.238172
4.0,57,151002.136459
-4.0,68,151655.51756
12.0,69,151748.527969
2.0,77,151933.671356
37.0,57,152175.393407
14.0,69,152256.815751
12.0,66,152365.960179
8.0,65,152511.90695
10.0,66,152657.328489
8.0,67,152727.918902
12.0,49,152825.12729
2.0,75,152887.208553
4.0,45,153031.390064
25.0,2,153032.404212
16.0,77,153143.412691
37.0,17,153149.462343
14.0,89,153264.855198
-2.0,51,153353.96251
6.0,54,153624.747265
13.0,46,153729.245837
4.0,74,154054.354843
2.0,56,154226.542372
14.0,62,154507.427652
2.0,74,154617.901222
4.0,71,154743.059793
-2.0,79,154919.832992
6.0,46,155082.073349
12.0,96,155322.232201
8.0,47,155525.995202
6.0,83,155736.190835
8.0,60,156020.373529
12.0,87,156221.427136
6.0,59,156334.260446
4.0,48,156462.109319
4.0,60,156876.076691
0.0,71,157257.076205
10.0,89,157436.498688
8.0,75,157597.270389
-2.0,62,157703.230242
4.0,69,157828.53424
-3.0,92,158147.458304
2.0,42,158283.256668
4.0,77,158614.027485
0.0,85,158696.671009
0.0,49,158774.939835
42.0,26,158828.388595
-6.0,74,159101.755699
2.0,54,159239.194256
2.0,58,159358.967869
4.0,54,159652.091421
0.0,1,159654.361991
9.0,60,159740.698689
12.0,66,159940.173267
8.0,75,160095.259675
6.0,58,160244.216644
-4.0,43,160333.205624
4.0,59,160587.112622
3.0,74,160808.25098
2.0,65,161051.043784
-2.0,111,161505.229301
4.0,68,161564.940929
8.0,43,161686.075471
0.0,52,161752.440635
8.0,74,161873.143044
10.0,72,162059.852149
-2.0,65,162195.984612
-2.0,55,162250.342254
6.0,51,162516.599214
4.0,56,162711.523803
34.0,7,162743.501504
10.0,60,162839.681682
0.0,45,163027.770018
16.0,57,163040.643301
4.0,66,163128.109386
6.0,52,163183.267073
24.0,40,163285.503887
2.0,76,163548.865023
18.0,91,163643.774559
22.0,43,163800.241306
18.0,93,163923.013322
0.0,77,164030.374197
8.0,79,164187.028904
12.0,77,164324.250889
10.0,75,164416.249527
13.0,54,164487.149401
4.0,64,164501.764222
12.0,41,164639.606061
14.0,59,164712.055179
63.0,23,164768.626117
12.0,68,165136.609414
10.0,60,165247.81245
23.0,4,165250.624957
8.0,44,165275.780964
0.0,42,165358.530173
0.0,1,165360.288568
35.0,13,165454.988998
-5.0,61,165636.218492
10.0,104,165713.582882
6.0,48,165856.802495
8.0,72,166065.474042
4.0,75,166162.847915
10.0,81,166247.513905
0.0,45,166343.607074
-8.0,89,166626.121721
6.0,59,167003.788188
18.0,86,167159.779877
8.0,47,167319.01729
10.0,44,167325.457091
12.0,65,167499.153056
8.0,60,167575.444298
0.0,68,167647.058809
45.0,45,167724.685828
12.0,72,167811.549831
19.0,19,167882.556142
67.0,19,167909.253813
41.0,9,167916.261669
0.0,87,168024.31887
2.0,71,168320.765986
8.0,58,168554.433538
18.0,67,168770.918903
-6.0,61,168919.265728
2.0,80,169020.574047
0.0,59,169126.134778
-2.0,71,169340.015218
-2.0,62,169451.403639
-10.0,83,169656.277086
2.0,79,170033.982354
27.0,70,170161.070174
37.0,63,170260.453376
-2.0,62,170414.765864
27.0,32,170454.289721
14.0,61,170720.73651
8.0,74,171076.961536
0.0,58,171134.842165
-2.0,60,171300.504052
6.0,99,171568.505798
4.0,71,171988.095376
10.0,63,172157.872128
14.0,63,172329.141846
3.0,120,172638.272027
10.0,52,172738.700357
0.0,111,172925.305144
6.0,62,173145.324342
14.0,49,173378.353302
4.0,47,173482.217347
4.0,51,173615.747549
12.0,86,173838.690445
31.0,15,173852.93663
-2.0,76,173905.709562
20.0,56,174004.658817
0.0,54,174299.50807
10.0,51,174409.139663
-2.0,64,174537.719604
18.0,76,174694.609925
-2.0,51,174849.802737
18.0,21,174880.769047
26.0,32,174969.730385
8.0,61,175091.646238
8.0,51,175251.141003
4.0,70,175391.34784
12.0,69,175534.418424
0.0,63,175676.11433
54.0,32,175714.48383
14.0,57,175818.12326
4.0,46,175887.661009
14.0,79,176051.186657
6.0,40,176140.320868
14.0,71,176234.142549
22.0,57,176352.289086
4.0,49,176447.504125
53.0,73,176638.359828
0.0,62,176933.800618
6.0,64,177024.488341
0.0,63,177453.552393
14.0,71,177637.155774
0.0,54,177697.584233
17.0,23,177731.479493
4.0,58,177823.124174
-2.0,101,178158.628061
6.0,43,178389.955374
6.0,52,178514.064847
10.0,63,178722.334854
11.0,59,178769.833358
16.0,74,178957.084121
30.0,12,178975.973866
-8.0,64,179144.648667
8.0,53,179202.759531
0.0,71,179410.306635
6.0,50,179474.257619
-4.0,56,179511.546055
0.0,2,179519.274771
8.0,55,179582.006968
0.0,55,179675.842979
2.0,65,179849.228768
6.0,58,179923.178361
184.0,11,179940.911407
12.0,70,180022.162974
0.0,85,180243.601128
0.0,1,180249.404564
10.0,74,180469.183228
16.0,67,180639.888824
14.0,88,180785.142752
-2.0,116,181037.456312
0.0,58,181153.077363
2.0,63,181267.790166
4.0,62,181396.737282
4.0,68,181870.363311
4.0,93,182083.15014
-6.0,42,182105.864779
6.0,56,182230.6823
0.0,45,182315.933072
2.0,99,182493.173873
21.0,28,182518.088878
15.0,72,182625.174453
127.0,31,182653.115319
-2.0,62,182705.394232
-4.0,76,182926.359511
74.0,3,182948.855159
8.0,63,183161.877113
2.0,57,183308.097604
0.0,78,183557.094789
2.0,61,183792.58251
39.0,56,184026.56149
-2.0,38,184092.629955
-4.0,72,184174.026265
23.0,13,184178.324462
33.0,52,184231.813597
2.0,105,184359.198866
18.0,87,184757.234542
4.0,64,185004.781178
10.0,114,185137.347851
19.0,6,185150.072681
12.0,89,185341.102487
28.0,68,185542.835415
-2.0,51,185632.011094
8.0,102,185704.461363
2.0,77,185811.120789
-2.0,79,185953.489237
16.0,127,186493.168951
8.0,51,186616.316497
12.0,115,186930.947694
-4.0,97,187069.948027
13.0,108,187263.693115
4.0,79,187478.153524
-4.0,55,187592.060131
32.0,56,187644.837678
26.0,116,187750.207103
12.0,80,187867.54559
54.0,4,187878.055342
10.0,91,188044.994872
-4.0,45,188128.329075
10.0,107,188483.511101
20.0,81,188739.678405
32.0,92,188809.608915
18.0,56,188974.893553
-6.0,58,189043.279318
14.0,57,189085.079822
8.0,111,189302.43702
4.0,68,189580.54923
2.0,119,189994.172589
4.0,104,190291.626913
2.0,66,190509.970744
8.0,87,190778.768073
42.0,25,190814.880362
14.0,68,190902.47417
38.0,37,191211.478158
14.0,80,191348.604661
2.0,69,191440.617429
44.0,43,191501.649922
17.0,6,191524.526904
12.0,63,191578.932751
4.0,68,191766.345407
18.0,73,191863.58175
0.0,1,191875.403568
-8.0,71,191969.399348
-6.0,101,192044.04784
18.0,46,192095.323442
2.0,93,192314.140214
12.0,62,192470.083649
26.0,78,192616.139792
29.0,3,192640.059712
27.0,36,192717.127835
7.0,89,193037.34306
10.0,90,193207.553194
14.0,61,193296.68551
0.0,103,193658.049844
58.0,55,193768.112047
18.0,2,193768.287276
16.0,11,193772.366942
-9.0,85,193991.360235
8.0,54,194213.738133
2.0,64,194351.880322
6.0,59,194432.117982
6.0,98,194556.473195
6.0,188,194775.210112
7.0,81,194957.686011
18.0,50,194980.668087
9.0,45,195238.893045
4.0,80,195391.244386
10.0,56,195455.734327
6.0,108,195675.217612
-4.0,53,195788.833546
2.0,121,195981.36243
52.0,105,196159.933414
14.0,136,196421.549012
6.0,74,196504.57887
29.0,42,196811.417527
13.0,85,196933.680271
39.0,4,196955.647401
10.0,82,197079.507005
36.0,29,197104.631856
18.0,81,197236.184385
8.0,55,197439.794513
-8.0,98,197707.989586
10.0,116,198071.364709
4.0,53,198150.947156
31.0,56,198195.928891
6.0,71,198345.007444
4.0,56,198426.630693
0.0,41,198520.212675
6.0,50,198570.201244
8.0,108,198818.126037
0.0,57,199011.873053
6.0,84,199141.374081
12.0,70,199241.793572
18.0,78,199792.455223
64.0,75,199967.239272
-2.0,53,200104.195178
10.0,101,200210.973375
24.0,61,200249.432063
13.0,102,200369.611604
2.0,90,200465.505206
0.0,89,200666.929589
-12.0,145,201065.686078
10.0,102,201149.808033
8.0,61,201276.283075
-7.0,88,201474.191185
4.0,110,201623.778631
24.0,98,201770.173222
0.0,101,201887.664881
8.0,54,201944.70154
12.0,75,202007.194072
14.0,92,202138.688671
8.0,75,202317.170594
8.0,91,202483.804611
42.0,92,202625.24966
6.0,98,202700.584752
8.0,100,202948.065878
16.0,78,203038.647003
19.0,12,203289.196254
36.0,62,203327.118738
18.0,64,203489.089844
6.0,75,203630.606248
2.0,60,203737.220363
0.0,68,203828.988816
34.0,21,203863.398904
8.0,119,204187.231027
-4.0,115,204362.371917
37.0,53,204507.080232
2.0,92,204647.126805
27.0,30,204745.511851
12.0,81,204844.084004
24.0,89,205230.688251
4.0,68,205310.079137
2.0,70,205419.639518
4.0,119,205654.609756
24.0,87,205842.346421
34.0,78,206085.279014
2.0,95,206402.743764
-2.0,130,206584.394963
6.0,76,206712.076725
10.0,78,206950.609232
6.0,105,207063.066195
6.0,149,207558.31743
67.0,60,207624.344991
53.0,49,208080.944117
3.0,83,208340.531996
4.0,82,208573.996878
56.0,55,208642.574341
4.0,55,208725.010194
42.0,46,208877.666661
54.0,90,209020.707223
-6.0,97,209271.04289
54.0,45,209322.460989
-6.0,68,209452.929522
2.0,91,209657.440218
4.0,97,209939.077668
-6.0,107,210098.457484
8.0,152,210369.362137
10.0,146,210570.813664
36.0,31,210602.947013
0.0,1,210619.912103
55.0,21,210638.991774
8.0,95,210772.10366
4.0,67,210904.770092
4.0,99,210993.017199
0.0,96,211086.942194
43.0,33,211152.577715
37.0,64,211232.632818
30.0,22,211242.693986
47.0,60,211429.512698
25.0,77,211525.938464
29.0,61,211653.165061
5.0,122,212179.029782
8.0,69,212317.394117
0.0,110,212592.406839
0.0,132,213018.426329
44.0,106,213236.774398
4.0,111,213419.780681
0.0,99,213590.777393
42.0,9,213599.117629
30.0,77,213728.233706
0.0,1,213738.249795
14.0,105,213853.997237
8.0,89,214151.849966
37.0,27,214160.023675
20.0,90,214271.712968
8.0,42,214325.775686
37.0,38,214377.965394
6.0,125,214539.881395
0.0,117,214787.142148
-6.0,79,214953.956624
8.0,108,215163.391381
2.0,44,215214.255645
24.0,45,215305.057948
18.0,52,215371.232774
27.0,35,215405.013566
25.0,50,215484.211229
28.0,72,215545.441915
54.0,18,215593.481205
29.0,9,215596.638973
28.0,24,215670.271933
48.0,35,215734.072685
8.0,100,216241.022804
47.0,60,216393.836162
16.0,70,216483.115681
-4.0,133,217044.257815
6.0,148,217420.306236
32.0,31,217474.573137
48.0,73,217581.140226
12.0,103,217680.293558
4.0,89,217979.59476
4.0,62,218049.286694
0.0,1,218049.431573
62.0,70,218140.492731
2.0,127,218564.155197
18.0,25,218662.820602
1.0,76,218891.337992
36.0,98,219141.695527
18.0,79,219245.742223
14.0,100,219380.05154
14.0,117,219582.643397
10.0,51,219615.455518
14.0,92,219748.155478
-4.0,86,219828.047782
14.0,120,220071.09517
4.0,77,220157.988697
27.0,81,220370.238758
37.0,29,220432.397186
20.0,160,221153.823658
3.0,174,221601.790423
21.0,121,221822.650215
16.0,66,222023.295969
54.0,41,222186.818591
2.0,70,222467.759992
53.0,13,222508.020758
35.0,57,222660.962337
20.0,105,222822.678335
-2.0,91,222935.535614
6.0,165,223189.725619
16.0,65,223359.597323
2.0,141,223697.42618
27.0,86,223899.242488
49.0,28,223918.611476
41.0,57,224022.983346
47.0,90,224188.338086
8.0,105,224391.953433
22.0,61,224502.728259
36.0,107,224717.260426
-4.0,122,224949.853926
22.0,73,225029.413014
-2.0,115,225544.831674
39.0,31,225572.910298
6.0,51,225638.94413
-6.0,93,225769.280904
2.0,107,225927.129608
8.0,109,226096.61465
0.0,89,226271.453271
48.0,42,226322.840638
2.0,118,226654.718355
22.0,104,226718.9362
-2.0,89,226906.794816
0.0,91,227049.358154
33.0,6,227053.713085
4.0,115,227278.180683
14.0,163,227570.114237
26.0,82,227783.860823
7.0,84,227912.317875
4.0,170,228251.459848
20.0,113,228635.212021
0.0,1,228652.570235
6.0,121,229036.5413
-2.0,110,229183.674358
12.0,125,229948.869741
23.0,150,230447.801055
2.0,113,230770.016626
-10.0,119,231015.999933
10.0,75,231131.126627
2.0,82,231249.409551
38.0,56,231280.732034
18.0,116,231476.250931
4.0,139,231795.635989
2.0,90,231849.155999
4.0,146,232312.453401
18.0,24,232361.176595
12.0,157,232644.210869
6.0,94,233098.872812
24.0,124,233551.546275
9.0,86,233708.696451
17.0,92,233835.419682
8.0,92,233995.007667
29.0,72,234241.081903
8.0,113,234427.734443
8.0,177,235010.608225
19.0,205,235352.352847
16.0,98,235564.982066
26.0,90,235683.007506
12.0,130,235930.374188
22.0,163,236282.56023
2.0,155,236616.116446
-12.0,138,236952.588984
26.0,77,237134.88211
11.0,148,237382.540304
3.0,69,237516.80014
13.0,47,237616.998981
6.0,89,237715.358149
6.0,113,238055.568599
33.0,74,238281.03596
61.0,21,238354.884403
25.0,19,238386.003875
18.0,4,238386.428813
6.0,95,238520.493578
14.0,176,238891.810617
6.0,57,239267.386629
62.0,36,239313.71717
16.0,194,239686.166124
6.0,117,239935.658365
2.0,160,240549.868265
33.0,5,240558.607385
4.0,98,240707.049902
9.0,116,240954.436816
16.0,111,241276.258945
2.0,143,241527.068629
38.0,80,241634.827943
40.0,109,241886.725711
4.0,159,242395.968099
0.0,38,242426.493173
17.0,109,242647.525216
18.0,26,242686.788116
4.0,156,243061.309589
54.0,99,243256.893719
18.0,170,243676.31147
21.0,101,243838.380626
54.0,61,244208.710486
-12.0,164,244445.137476
14.0,129,244713.18096
8.0,84,244824.748781
8.0,99,245122.978417
6.0,194,245625.1847
4.0,224,246070.655142
57.0,95,246356.97315
10.0,79,246469.025968
28.0,109,246677.100427
14.0,99,246827.323001
20.0,127,247145.403285
23.0,24,247180.840131
6.0,60,247234.174991
8.0,134,247476.89393
43.0,36,247565.552883
18.0,120,247780.675208
34.0,92,247959.482141
1.0,163,248453.987262
11.0,114,248757.151023
16.0,94,248912.639894
8.0,114,249129.514454
4.0,103,249404.413685
6.0,74,249600.963114
25.0,23,249630.405243
33.0,130,249834.903852
4.0,85,249971.983408
7.0,146,250302.441073
4.0,168,250596.393946
14.0,168,250999.527961
27.0,43,251039.504579
4.0,125,251247.318185
90.0,29,251362.425134
31.0,89,251463.406783
31.0,47,251507.371883
4.0,105,251691.188735
47.0,44,251753.099999
14.0,77,251939.823603
-8.0,112,252102.188605
8.0,85,252282.22029
8.0,127,252806.178133
2.0,79,253160.130674
6.0,119,253319.27142
6.0,103,253431.664365
14.0,144,253719.357199
18.0,117,253993.373222
38.0,91,254135.828598
28.0,60,254265.17774
39.0,55,254425.468513
2.0,83,254612.692539
34.0,122,254825.733904
36.0,16,254857.074303
33.0,82,255036.62005
12.0,238,255693.221333
12.0,92,255788.161003
32.0,125,256191.474699
26.0,13,256224.717224
4.0,94,256340.687085
16.0,127,256520.7425
0.0,1,256532.787461
113.0,7,256582.929698
42.0,79,256653.00319
9.0,107,256803.03551
45.0,80,257219.62669
8.0,93,257384.81278
4.0,155,257989.076001
7.0,167,258315.469268
4.0,105,258516.080131
4.0,99,258700.962764
37.0,99,258884.114118
14.0,93,259168.933137
3.0,118,259410.678939
12.0,77,259569.71225
4.0,72,259599.559602
24.0,63,259686.795938
12.0,119,259885.666047
12.0,134,260145.638924
27.0,110,260339.879455
55.0,17,260366.195329
4.0,131,260482.407946
22.0,133,260780.319882
33.0,62,260896.141978
103.0,45,260962.60792
2.0,73,261037.870324
12.0,120,261571.550395
2.0,249,262063.888119
12.0,100,262246.850468
16.0,158,262653.78653
31.0,123,262825.239841
24.0,278,263377.066424
18.0,159,263808.040486
12.0,181,264180.254872
32.0,21,264235.188999
8.0,141,264541.17222
22.0,102,264694.726136
14.0,98,264855.38401
34.0,116,265012.80418
14.0,150,265460.757622
6.0,230,266095.266559
12.0,113,266310.579847
6.0,146,266540.648489
24.0,8,266541.394871
12.0,147,266817.93075
48.0,93,266876.68091
18.0,230,267385.01018
18.0,40,267412.127932
93.0,29,267520.416792
26.0,157,267921.580514
44.0,12,267974.869434
28.0,223,268219.32083
4.0,206,268525.698253
0.0,72,268714.972424
43.0,22,268806.439111
28.0,120,269020.202299
37.0,31,269040.404459
6.0,107,269295.952358
18.0,140,269872.659209
2.0,192,270277.544677
32.0,133,270567.297476
18.0,154,270954.086974
4.0,114,271072.833581
38.0,47,271143.148568
37.0,31,271174.06389
10.0,173,271699.537348
10.0,150,272113.496131
4.0,128,272379.99966
2.0,111,272591.914022
-4.0,127,272792.121393
18.0,110,272948.618143
14.0,167,273218.794864
-4.0,133,273687.310887
4.0,182,274373.578679
33.0,164,274832.945599
41.0,106,275021.279489
-4.0,256,275486.524264
18.0,117,275690.42944
40.0,51,275740.737903
61.0,34,275779.078798
90.0,30,275910.442365
6.0,117,276167.850674
-2.0,271,276745.688217
8.0,84,276908.080626
29.0,133,277311.505643
17.0,6,277311.706979
37.0,89,277605.832378
16.0,86,277818.467559
6.0,109,277955.604845
32.0,73,278051.094584
6.0,87,278238.644145
16.0,220,279014.956013
46.0,56,279113.05607
25.0,52,279411.889243
25.0,134,279738.489614
0.0,1,279746.4407
41.0,50,279879.638906
8.0,153,280066.451911
7.0,201,280570.824419
20.0,94,280732.091115
14.0,214,281282.975981
16.0,140,281567.847006
4.0,279,282238.704591
54.0,33,282274.642157
24.0,180,282612.415531
12.0,256,283148.324589
-2.0,166,283525.056834
4.0,109,283789.363944
15.0,83,284195.366347
28.0,254,284694.018491
55.0,18,284760.338864
24.0,322,285442.818805
6.0,136,285660.747823
-2.0,115,285846.45054
8.0,111,286063.03045
6.0,158,286321.871949
14.0,206,286505.36941
90.0,15,286539.39639
12.0,115,286784.269969
4.0,144,286956.033172
19.0,103,287056.56294
22.0,244,287661.541276
7.0,146,288097.399824
8.0,121,288515.986269
16.0,138,288764.51595
37.0,213,289241.340009
35.0,41,289404.373302
10.0,139,289772.632671
28.0,108,289979.077044
26.0,7,290067.460596
46.0,28,290164.476608
45.0,38,290249.758717
6.0,121,290570.585684
24.0,44,290686.661572
83.0,120,290953.998558
20.0,207,291266.394666
154.0,12,291302.171705
30.0,36,291351.556598
-2.0,139,291478.776655
14.0,101,291791.348858
-2.0,121,291976.883274
0.0,1,291976.965064
20.0,153,292228.142879
27.0,87,292735.869558
95.0,71,292876.352875
58.0,68,292995.833075
30.0,167,293326.807341
8.0,93,293479.363587
10.0,173,293784.287466
14.0,176,294124.854351
70.0,92,294269.198498
18.0,152,294468.64125
4.0,171,294892.729
-6.0,183,295285.47918
37.0,74,295418.27523
4.0,218,295898.787937
20.0,88,296075.390436
8.0,124,296308.179599
20.0,167,296677.31856
27.0,57,297137.105776
29.0,229,297713.388456
6.0,133,297963.807924
1.0,229,298457.707728
33.0,152,299321.545087
18.0,119,299574.188604
28.0,27,299610.383257
-6.0,302,300283.059766
5.0,128,300520.104901
39.0,20,300570.250154
0.0,240,301099.47635
4.0,147,301862.873423
48.0,110,302043.896995
30.0,4,302046.322936
60.0,91,302179.461038
48.0,57,302331.295956
83.0,6,302347.570352
8.0,74,302751.945027
16.0,82,303015.445501
20.0,18,303017.414368
28.0,139,303250.845472
4.0,163,303600.785176
14.0,2,303600.923149
20.0,159,303887.971429
8.0,111,304059.600173
4.0,161,304378.08486
55.0,57,304490.51013
6.0,86,304583.933739
4.0,112,304784.715045
38.0,26,304844.959177
-2.0,134,305086.3591
35.0,71,305235.678907
37.0,27,305283.890307
16.0,163,305670.044054
29.0,6,305671.574426
20.0,175,305893.429185
1.0,122,306118.854821
28.0,204,306854.300874
25.0,175,307315.794074
16.0,185,307640.136734
10.0,435,308381.716401
12.0,136,308607.983518
90.0,58,308686.843341
14.0,408,309621.395759
28.0,70,309902.846418
91.0,27,310030.922246
0.0,144,310377.217635
33.0,39,310452.682395
2.0,179,310940.904164
38.0,98,311095.850925
0.0,248,311817.970545
-2.0,251,312487.846057
12.0,107,312849.287831
54.0,71,313012.404018
12.0,132,313352.354515
27.0,100,313548.654639
20.0,4,313569.5294
4.0,212,314094.921244
8.0,174,314335.26838
6.0,120,314520.758148
4.0,213,314884.901031
14.0,106,315090.46001
-2.0,128,315326.357401
48.0,43,315443.358725
27.0,105,315659.375399
31.0,31,315776.763358
13.0,182,316362.661374
18.0,40,316506.111339
44.0,168,317023.039192
46.0,101,317348.648603
26.0,261,318387.61968
36.0,50,318473.126638
32.0,63,318730.22174
20.0,140,319117.485399
4.0,181,319508.056358
37.0,260,320275.728661
22.0,174,320635.975256
35.0,26,320689.726214
15.0,173,321044.658792
35.0,61,321162.925729
47.0,44,321245.649512
18.0,203,322124.738898
8.0,296,322955.192379
6.0,214,323733.702366
9.0,112,323946.039693
50.0,267,324611.508894
32.0,193,324981.579534
22.0,196,325430.914681
-2.0,144,325912.982308
2.0,115,326168.464449
25.0,97,326422.575044
34.0,151,326964.619433
10.0,186,327299.09696
27.0,7,327330.615597
4.0,488,328823.825224
6.0,173,329105.209744
47.0,31,329238.719185
8.0,132,329430.691728
-4.0,77,329808.487527
33.0,58,330076.572997
41.0,74,330289.076674
23.0,83,330511.545597
32.0,44,330566.748101
53.0,19,330656.673397
37.0,139,330884.976422
32.0,95,331091.422988
10.0,149,331481.884027
37.0,71,331653.288614
12.0,174,331944.169006
21.0,63,332069.833771
32.0,141,332532.852679
34.0,114,333184.591138
101.0,21,333261.250735
28.0,139,333436.395769
31.0,286,333923.242776
41.0,53,333982.046124
19.0,233,334418.765871
16.0,139,334654.397222
7.0,212,335215.503449
38.0,47,335300.388139
0.0,260,335897.245131
5.0,150,336178.324208
6.0,152,336455.709337
6.0,164,336871.828578
4.0,297,337730.718556
33.0,215,338239.405772
16.0,246,338989.679811
57.0,36,339105.349133
20.0,277,339630.435439
27.0,74,339772.17863
15.0,122,340168.087181
8.0,211,340579.918506
49.0,150,340861.263268
39.0,96,341087.55736
10.0,292,341534.988275
20.0,161,341957.712543
40.0,224,342925.636112
20.0,61,343559.351691
12.0,182,344083.062457
30.0,28,344128.891449
62.0,45,344201.916983
4.0,120,344444.901598
45.0,78,344731.726375
22.0,84,344990.605156
6.0,255,345859.517911
9.0,327,346474.974066
51.0,62,346618.433632
0.0,137,346865.005967
10.0,139,347240.305271
34.0,39,347370.447218
2.0,310,348482.040977
38.0,71,348838.847908
8.0,130,349026.066046
17.0,100,349173.961399
46.0,54,349290.667317
41.0,108,349446.808362
37.0,115,349658.020252
15.0,18,349717.219133
52.0,21,349766.343951
17.0,220,350274.93024
12.0,136,350515.631889
14.0,267,351243.321221
6.0,107,351515.417476
38.0,184,351964.168148
4.0,88,352169.543392
46.0,48,352326.737419
14.0,334,353003.60874
43.0,161,353474.58629
24.0,239,354020.852471
12.0,42,354059.393903
27.0,50,354178.699013
18.0,160,354659.713363
4.0,120,355008.979488
9.0,111,355315.019
40.0,25,355480.582817
10.0,205,356030.908732
40.0,52,356224.301493
29.0,231,356732.32935
2.0,114,357175.771981
40.0,131,357495.213128
20.0,71,357742.050296
32.0,88,357884.74709
40.0,10,357899.127603
45.0,106,358209.768327
46.0,55,358382.519665
37.0,54,358495.6739
14.0,125,359050.158704
43.0,203,359495.140472
17.0,44,359562.9933
-4.0,281,360158.960539
8.0,175,360378.275758
29.0,80,360527.859625
109.0,111,360749.635107
10.0,101,360988.537238
26.0,140,361202.25125
34.0,219,361634.88407
31.0,1,361639.608159
36.0,116,361894.099362
20.0,30,361930.925486
34.0,38,361966.962579
-4.0,177,362440.668205
47.0,69,362607.85432
8.0,400,363793.967792
6.0,231,364421.916439
21.0,87,364562.686633
22.0,181,364979.718504
30.0,83,365215.496463
0.0,1,365216.012657
33.0,125,365424.710524
28.0,141,365677.36051
14.0,215,366035.99453
7.0,42,366115.589787
6.0,190,366543.933961
18.0,197,367009.206084
4.0,184,367269.600117
32.0,181,367710.735666
24.0,105,368033.278177
53.0,106,368207.954739
4.0,170,368541.631133
6.0,225,369194.792988
38.0,16,369246.411628
24.0,64,369420.023959
30.0,65,369516.981581
2.0,246,369985.818235
25.0,57,370106.279881
35.0,45,370243.739478
4.0,86,370345.896515
18.0,157,370665.718146
19.0,140,370824.290429
43.0,38,370927.384055
33.0,165,371300.443317
10.0,228,371923.527584
35.0,272,372956.76596
20.0,175,373339.384603
20.0,416,374390.367575
37.0,60,374593.549459
33.0,311,375088.735798
12.0,167,375405.124598
50.0,32,375481.653896
24.0,74,375571.112612
33.0,186,375875.911561
25.0,162,376266.258796
16.0,180,376543.100805
18.0,112,376779.560566
27.0,56,377181.28559
25.0,246,377728.57219
34.0,151,378041.739399
33.0,261,378728.119117
29.0,131,378913.615769
17.0,46,378997.089675
3.0,243,379405.32377
23.0,57,379481.014644
18.0,114,379706.216394
7.0,174,380022.48235
39.0,213,380440.21845
13.0,49,380539.253188
27.0,94,380741.62084
15.0,134,381097.136852
10.0,72,381158.115641
20.0,176,381763.425169
30.0,80,381909.474033
10.0,154,382461.90767
8.0,219,383009.795269
-4.0,310,383660.867262
33.0,79,383930.44187
34.0,179,384355.572884
21.0,14,384378.817878
32.0,120,384635.288217
16.0,98,384838.367772
4.0,159,385138.245562
12.0,261,386043.733779
28.0,45,386095.119876
31.0,116,386331.809804
36.0,76,386760.147194
21.0,24,386843.630299
152.0,22,386955.228434
25.0,47,387061.84592
8.0,358,388218.600034
20.0,516,389571.970598
36.0,141,390013.431943
27.0,68,390159.808046
25.0,174,390691.321656
14.0,333,391502.443671
29.0,155,391857.525029
38.0,143,392251.830444
10.0,536,393552.70044
27.0,104,393899.327706
20.0,110,394160.218437
52.0,80,394322.973877
32.0,53,394485.016387
41.0,122,394793.145107
52.0,54,394882.374855
16.0,100,395177.326719
10.0,252,395598.66344
12.0,139,395913.591131
28.0,2,395915.601407
24.0,33,395971.199581
60.0,47,396171.89312
38.0,111,396395.20167
52.0,26,396527.676239
30.0,275,397112.924238
39.0,89,397468.869434
31.0,238,398261.743679
3.0,184,398782.188164
42.0,24,398908.744182
39.0,232,399596.840706
158.0,121,399778.733842
40.0,53,399886.968474
20.0,206,400339.897413
34.0,110,400615.561761
97.0,97,400909.713702
31.0,87,401191.083846
31.0,8,401223.039397
38.0,137,401678.574969
22.0,344,402560.675841
14.0,156,403056.841801
10.0,98,403428.029774
16.0,209,404082.008509
41.0,140,404483.833717
46.0,81,404735.223018
33.0,83,404983.091348
32.0,29,405035.035746
16.0,287,405957.898428
58.0,27,406066.633342
23.0,21,406108.888654
40.0,67,406310.106984
-2.0,119,406542.662654
6.0,306,407527.717211
144.0,81,407781.237155
10.0,288,408374.914146
21.0,296,409345.320405
21.0,22,409375.317228
50.0,65,409546.473467
16.0,298,410216.169593
44.0,140,410518.986811
57.0,122,410762.004725
10.0,202,411129.544026
27.0,412,412323.558249
32.0,24,412432.407326
48.0,74,412709.529511
38.0,37,412870.09707
34.0,96,413088.39526
21.0,87,413404.169557
55.0,144,413786.988902
24.0,264,414782.746359
26.0,97,415155.424145
12.0,162,415672.902909
44.0,92,415928.71583
0.0,1,415935.167468
28.0,101,416174.35457
6.0,320,417037.487718
-2.0,267,417658.22366
33.0,3,417663.327616
51.0,74,417889.976292
10.0,244,418711.629613
22.0,259,419721.619939
35.0,139,420010.077511
28.0,93,420211.991915
12.0,79,420537.176607
12.0,70,420658.899311
27.0,163,421199.515806
38.0,85,421382.268521
41.0,141,421674.469107
33.0,69,421762.774974
35.0,14,421794.12166
44.0,110,422009.71603
27.0,127,422321.30742
41.0,118,422687.33811
28.0,146,423079.449855
24.0,207,423877.86674
27.0,225,424531.357466
18.0,245,425195.941173
42.0,38,425326.795893
41.0,71,425576.924655
28.0,42,425657.578697
17.0,146,425998.757646
38.0,30,426125.78232
22.0,107,426453.726382
14.0,45,426784.055496
14.0,298,427824.745161
45.0,52,427985.189214
10.0,133,428331.460516
31.0,223,428871.104058
4.0,355,430155.467855
36.0,27,430209.872631
12.0,358,431354.663043
51.0,64,431500.215754
29.0,75,431688.06702
0.0,1,431688.114984
30.0,44,431815.064972
18.0,6,431815.707764
35.0,64,431943.865145
28.0,153,432229.751868
16.0,197,432815.979987
28.0,42,433019.476977
40.0,191,433522.026538
32.0,155,433805.886065
46.0,157,434081.708594
35.0,91,434247.331458
15.0,247,434807.089296
-6.0,344,435802.579985
38.0,33,435839.093942
10.0,120,436119.112483
8.0,73,436249.726483
34.0,60,436335.282927
16.0,181,436903.085927
-2.0,70,437190.689053
0.0,1,437212.526278
82.0,30,437333.968686
0.0,1,437341.437381
28.0,108,437583.363341
38.0,127,438082.081335
18.0,38,438144.43542
0.0,77,438384.844183
-6.0,188,438839.677268
29.0,95,439085.081166
0.0,1,439101.781643
38.0,38,439188.642803
6.0,112,439565.556461
62.0,61,439699.555389
26.0,43,439844.440565
25.0,3,439863.319191
36.0,52,439984.318308
4.0,423,441020.452805
19.0,89,441257.09343
24.0,147,441625.980203
25.0,125,441846.659434
14.0,147,442309.247878
0.0,1,442309.268801
25.0,94,442668.477977
45.0,45,442734.778245
38.0,78,442934.015304
39.0,129,443278.339191
44.0,74,443735.368521
2.0,246,444607.949995
4.0,168,445754.679604
38.0,140,446354.4092
44.0,113,446772.739083
30.0,113,447097.884519
-8.0,66,447392.291598
20.0,137,447898.686731
144.0,33,447980.300355
34.0,8,447986.181495
25.0,34,448053.419646
34.0,119,448335.319481
31.0,38,448501.804495
21.0,160,449344.364975
49.0,128,449776.273199
36.0,105,450336.488855
4.0,146,450765.528984
36.0,16,450830.666433
16.0,135,451201.738471
30.0,13,451245.51296
32.0,264,452054.365087
47.0,103,452324.640988
54.0,155,452547.453788
6.0,177,452851.845429
32.0,167,453345.437974
35.0,177,453844.629402
40.0,32,453917.854596
61.0,211,454630.428226
20.0,127,455386.538466
53.0,71,455553.975323
6.0,367,456279.021264
-4.0,187,456997.3461
24.0,44,457078.949822
35.0,151,457770.873733
25.0,33,457837.276638
14.0,131,458265.533077
40.0,82,458451.998751
6.0,120,458660.897397
13.0,179,459331.583558
37.0,37,459376.72478
10.0,428,460677.551585
31.0,9,460730.254923
-4.0,181,461370.035411
53.0,123,461639.775042
53.0,71,461938.633472
10.0,170,462512.856117
31.0,133,462872.031947
21.0,42,463016.422168
31.0,14,463069.750179
41.0,45,463210.472378
-4.0,596,464924.561075
28.0,154,465410.977153
44.0,82,465619.597872
143.0,3,465643.337269
41.0,55,465754.581765
40.0,82,466007.8357
28.0,53,466210.750518
39.0,7,466223.433661
62.0,150,466900.687837
4.0,121,467105.914344
43.0,62,467285.247072
38.0,77,467463.383608
23.0,9,467491.525468
43.0,58,467821.947035
101.0,77,468017.225684
6.0,275,468822.062909
12.0,116,469144.196854
37.0,126,469589.828614
4.0,161,470446.272218
34.0,135,470920.354282
10.0,175,471433.351373
22.0,91,471697.856185
19.0,151,472136.047288
52.0,17,472194.240949
91.0,16,472295.007303
24.0,204,472771.335552
8.0,334,473734.595546
25.0,22,473802.938975
35.0,78,474033.987588
398.0,200,474999.628373
36.0,150,475432.074711
28.0,174,475871.148575
18.0,100,476310.557403
44.0,101,476546.330853
14.0,108,477088.49441
31.0,163,477519.912267
36.0,25,477544.361051
22.0,229,478200.901468
22.0,35,478303.36865
7.0,166,478994.846025
42.0,13,479096.009337
29.0,145,479692.860662
-2.0,128,480096.876208
18.0,162,480471.487108
27.0,120,480748.757178
6.0,202,481309.441388
39.0,25,481352.484788
24.0,133,481600.075907
5.0,144,481998.542354
32.0,96,482345.431069
-2.0,80,482579.652442
36.0,90,482782.826088
2.0,253,483650.243055
42.0,26,483674.907259
33.0,93,483870.859736
46.0,39,483911.40501
8.0,68,484193.95663
20.0,64,484456.528801
40.0,112,484792.95933
36.0,131,485049.394769
82.0,15,485141.672794
25.0,339,486226.791524
0.0,1,486229.991284
24.0,198,486841.728321
24.0,147,487297.621374
8.0,297,488095.818732
18.0,144,488504.658512
23.0,111,488850.497051
17.0,117,489362.996941
60.0,183,490008.21198
27.0,65,490217.557482
21.0,132,490519.314267
0.0,44,490665.382363
12.0,440,492044.333864
24.0,75,492419.471291
56.0,35,492498.542242
20.0,259,493409.722003
44.0,31,493465.361832
51.0,99,493704.647513
46.0,7,493719.133576
8.0,246,494568.239153
-6.0,274,495492.340647
33.0,109,496082.397857
17.0,162,496843.213081
10.0,103,497035.260344
30.0,208,497683.740864
51.0,232,498551.5901
27.0,25,498596.331338
31.0,138,498970.403815
45.0,43,499090.237835
17.0,342,500183.416101
16.0,391,501463.972593
20.0,215,502058.655518
32.0,3,502058.893411
28.0,65,502252.33323
14.0,76,502477.104764
55.0,32,502788.981676
31.0,141,503193.086772
30.0,77,503337.609788
58.0,37,503545.660115
38.0,120,503874.724979
82.0,99,504179.594049
30.0,50,504275.569101
21.0,112,504561.300221
19.0,2,504561.451729
43.0,244,505289.735471
4.0,48,505395.791989
30.0,16,505497.368815
18.0,161,506030.916798
27.0,45,506138.067976
33.0,101,506348.021234
2.0,231,506931.013748
19.0,329,507654.118765
6.0,174,508064.325539
20.0,103,508699.938068
31.0,72,508870.958352
12.0,131,509248.001111
36.0,32,509413.620308
15.0,33,509497.419291
35.0,65,509781.764082
42.0,85,509962.747918
23.0,123,510352.912371
48.0,56,510663.883379
6.0,129,511214.951849
47.0,39,511324.716713
42.0,45,511597.063789
24.0,71,511867.515384
39.0,44,512006.503075
-2.0,137,512521.530105
29.0,48,512655.501994
16.0,93,512907.293579
21.0,119,513377.672478
16.0,141,513937.276234
48.0,12,513998.545836
66.0,79,514252.119959
45.0,65,514460.219457
22.0,23,514517.251275
131.0,5,514542.586226
63.0,77,514835.716935
6.0,338,516732.704887
47.0,59,516895.858614
19.0,272,517522.160684
35.0,20,517623.963279
37.0,55,517701.188766
31.0,51,517877.244068
6.0,253,518641.489063
20.0,245,519321.988806
48.0,24,519438.744005
17.0,203,520213.483777
35.0,68,520403.414954
23.0,99,520630.305094
30.0,110,521251.56488
17.0,30,521309.93259
19.0,150,521645.632346
0.0,1,521646.691853
43.0,193,522186.350383
44.0,40,522270.407038
25.0,76,522558.273778
121.0,104,523065.626107
29.0,75,523351.976771
37.0,140,523863.982889
30.0,19,523913.426082
8.0,156,524308.257486
21.0,167,525086.076032
28.0,130,525422.882242
2.0,86,525724.881087
109.0,76,526050.165776
80.0,111,526520.848083
46.0,67,526660.586481
10.0,91,526995.226865
22.0,48,527167.864435
0.0,1,527170.473475
18.0,226,527842.171711
39.0,7,527863.027149
51.0,39,527991.732562
44.0,66,528189.73959
23.0,122,528539.952907
16.0,9,528556.73141
50.0,76,528709.141744
36.0,75,528969.746891
57.0,125,529367.223609
52.0,70,529567.164896
20.0,204,530355.338992
8.0,133,530657.692102
53.0,71,531001.780498
32.0,141,531614.64132
21.0,262,532342.925742
44.0,144,532824.272954
2.0,378,534089.317778
44.0,34,534164.23842
34.0,16,534185.650462
42.0,82,534364.409659
14.0,134,534812.265371
14.0,196,535756.204908
26.0,128,536289.151534
12.0,69,536591.520696
39.0,65,537007.139152
0.0,1,537007.332432
48.0,106,537250.238095
44.0,113,537735.998682
43.0,84,538011.7479
41.0,62,538273.483473
47.0,21,538340.028225
20.0,69,538653.856674
27.0,164,539259.710399
46.0,33,539359.413734
18.0,126,539760.791797
16.0,156,540276.777307
2.0,268,541094.123341
32.0,75,541389.223097
40.0,289,542355.482152
57.0,149,542832.345466
24.0,1,542832.896804
12.0,85,543048.572205
16.0,206,543790.787891
34.0,10,543841.480903
30.0,105,544516.583441
-6.0,101,544939.861901
100.0,141,545452.161796
107.0,40,545681.598208
31.0,269,546715.416266
183.0,20,546896.683835
-6.0,123,547593.421211
28.0,99,547893.963643
18.0,114,548367.506188
14.0,185,549199.648113
22.0,213,549965.52572
23.0,91,550310.908961
2.0,206,551060.292787
0.0,1,551064.605108
39.0,4,551093.759782
13.0,236,552147.346777
24.0,44,552424.493609
47.0,134,553102.868345
8.0,81,553440.180653
16.0,295,554717.969748
-2.0,263,555572.297269
15.0,363,557068.419417
21.0,73,557393.587742
28.0,52,557717.307597
4.0,154,558480.886546
36.0,99,558876.913593
42.0,244,560314.793725
24.0,73,560496.44795
24.0,44,560758.657892
30.0,44,560928.101819
48.0,57,561230.238759
27.0,139,561838.984051
36.0,33,562167.239572
33.0,71,562397.65631
18.0,138,562947.432832
43.0,53,563163.809563
29.0,96,563512.695068
16.0,119,563957.541365
21.0,51,564074.634462
6.0,56,564293.455318
30.0,170,564828.580105
-10.0,35,564959.593442
8.0,120,565580.081817
48.0,87,566014.911868
28.0,213,566932.267242
30.0,22,567074.481238
46.0,283,568672.199641
8.0,93,569069.248163
19.0,48,569303.357641
48.0,104,569775.104756
55.0,42,569892.618236
33.0,72,570150.221592
42.0,94,570467.36123
29.0,87,570916.859876
22.0,59,571053.91785
6.0,198,571929.024695
27.0,193,572738.711347
30.0,122,573190.094517
40.0,63,573379.594537
37.0,46,573453.402533
46.0,262,574825.975126
9.0,295,576107.080836
16.0,385,578193.626412
40.0,132,578688.799263
38.0,66,578927.254061
113.0,118,579524.710172
57.0,83,580067.002344
35.0,30,580168.987966
35.0,14,580231.849138
30.0,66,580548.07425
28.0,34,580698.529175
21.0,17,580782.979782
95.0,104,581423.739635
34.0,278,582868.633514
34.0,99,583258.797082
30.0,163,583926.968085
4.0,201,584832.111879
40.0,62,585165.974848
85.0,60,585362.617797
27.0,44,585602.380637
27.0,262,586903.526877
8.0,197,587925.28651
39.0,48,588005.225507
2.0,269,589760.561131
26.0,101,590516.498662
29.0,97,590979.905081
44.0,53,591260.188745
58.0,106,591708.805963
31.0,53,591939.157947
20.0,154,592670.325616
32.0,166,593385.923141
21.0,112,593797.356401
24.0,150,594398.985945
23.0,3,594403.223073
38.0,3,594417.064632
45.0,28,594510.505964
16.0,54,594717.087522
66.0,59,594971.639947
6.0,111,595479.814584
10.0,181,596315.602544
9.0,73,596675.171566
43.0,186,597608.725705
12.0,57,597975.48353
25.0,113,598340.103713
44.0,122,598875.284569
16.0,95,599123.336452
42.0,37,599374.455066
33.0,294,601043.652578
37.0,95,601437.678138
54.0,38,601653.995636
37.0,70,601957.524822
29.0,40,602118.919598
42.0,98,602422.100493
50.0,179,603057.550751
42.0,92,603321.337338
28.0,48,603468.17568
27.0,437,605841.381187
14.0,117,606756.066727
101.0,87,607119.170132
69.0,34,607302.769354
36.0,116,607799.562914
16.0,131,608471.489994
47.0,149,609095.778133
47.0,36,609287.329299
28.0,59,609668.466462
22.0,31,609819.920829
32.0,40,609983.386453
47.0,44,610230.064945
38.0,92,610845.809826
14.0,141,611416.307124
37.0,38,611611.580416
43.0,62,611982.458383
38.0,5,612009.017342
51.0,74,612323.227487
36.0,87,612773.29739
48.0,178,613628.093439
20.0,218,614578.454676
18.0,115,615113.294861
44.0,20,615223.433801
10.0,195,616434.605696
143.0,95,616867.270955
6.0,93,617160.304365
6.0,313,618631.449773
39.0,8,618731.329871
40.0,72,619122.780956
35.0,77,619400.833086
51.0,48,619815.518503
42.0,88,620144.818761
62.0,10,620209.932007
0.0,201,621074.297901
57.0,65,621342.450185
35.0,147,621942.247167
42.0,170,622596.153155
31.0,177,623342.341058
15.0,104,623756.188654
20.0,86,624123.660803
31.0,67,624296.57588
36.0,55,624491.789168
-2.0,344,626124.090376
50.0,40,626309.154785
45.0,155,626901.801327
46.0,130,627412.529843
16.0,124,628111.550634
0.0,1,628125.071773
10.0,238,629110.01713
2.0,215,629981.086454
47.0,154,630734.19881
18.0,112,631308.657326
46.0,142,631901.626196
39.0,6,631910.281622
38.0,13,631949.548633
28.0,31,632048.03545
16.0,331,633551.207246
24.0,78,633804.591988
30.0,144,634724.266397
10.0,217,635878.652481
30.0,89,636195.827853
12.0,170,636979.358313
33.0,222,638021.989582
2.0,199,639027.936874
30.0,93,639375.6394
36.0,15,639482.595077
24.0,26,639578.3726
-2.0,88,639962.63034
38.0,99,640456.799573
45.0,64,640828.524441
37.0,190,641873.647288
33.0,152,642476.879747
42.0,41,642689.738296
29.0,48,642860.46317
39.0,67,643154.632005
90.0,29,643279.602777
55.0,140,643869.714154
117.0,39,644220.309273
27.0,90,644715.766781
48.0,126,645266.199981
46.0,84,645575.335861
39.0,162,646521.641558
48.0,51,646774.04455
32.0,59,647008.803076
34.0,9,647063.458436
13.0,558,649610.155807
10.0,73,649926.024526
46.0,14,650018.263014
22.0,19,650116.691525
36.0,116,650635.926296
19.0,28,650758.813202
6.0,280,651641.78793
42.0,25,651804.50262
34.0,58,651983.368983
14.0,218,652883.098737
24.0,97,653367.095247
25.0,167,654320.33384
21.0,129,654940.745489
22.0,62,655204.104332
49.0,42,655373.963425
28.0,21,655453.837142
16.0,57,655749.403566
21.0,64,656168.541682
-6.0,60,656490.856039
128.0,28,656652.114773
21.0,31,656763.482984
23.0,132,657556.810857
9.0,607,660159.046878
40.0,28,660311.131944
34.0,135,660803.844554
30.0,84,661031.135382
12.0,95,661441.489698
19.0,52,661685.284387
37.0,68,662071.649627
12.0,850,667196.203886
95.0,112,667816.547364
37.0,153,668467.475182
34.0,128,668919.69305
43.0,140,669627.827262
52.0,79,670134.705894
53.0,98,670598.515628
31.0,56,670989.523119
41.0,96,671583.866212
50.0,95,672122.448884
49.0,109,672576.011247
7.0,151,673580.804196
55.0,54,673893.91457
47.0,60,674180.142857
33.0,7,674232.722007
29.0,91,674633.166644
29.0,53,674851.598404
33.0,141,675452.742765
35.0,4,675458.547761
68.0,137,676147.416016
42.0,47,676392.969983
45.0,42,676541.351374
7.0,138,677088.997289
40.0,25,677199.458575
32.0,41,677602.089716
38.0,111,677982.937063
65.0,74,678396.741224
38.0,76,678635.60001
32.0,69,678872.739531
46.0,122,679375.823584
0.0,139,680090.821291
37.0,6,680101.537532
29.0,215,681216.880333
36.0,47,681667.667778
45.0,24,681884.729284
6.0,139,682714.163286
0.0,143,683528.288431
31.0,61,683835.694122
24.0,251,685146.21124
18.0,48,685318.898121
10.0,112,685629.352265
53.0,52,685909.595051
43.0,69,686148.178585
26.0,28,686349.741111
45.0,113,686876.626393
21.0,385,689084.663302
35.0,42,689394.864443
30.0,110,690145.07382
29.0,81,690602.169991
30.0,122,691147.900569
31.0,53,691401.457792
58.0,34,691641.568598
9.0,112,692202.948447
41.0,4,692218.099462
36.0,69,692559.822896
18.0,8,692649.999916
52.0,38,692872.143246
24.0,61,693241.846656
-6.0,1025,698211.595395
21.0,192,699460.016491
28.0,48,699709.667408
13.0,106,700229.605415
33.0,32,700405.515574
53.0,36,700675.964692
49.0,73,700968.01105
41.0,53,701247.667898
16.0,300,702735.108708
56.0,49,702974.293647
26.0,113,703752.252108
37.0,134,704435.737356
170.0,254,705628.430478
33.0,23,705713.148273
52.0,43,705969.168828
27.0,130,706518.25486
31.0,74,706914.366727
29.0,110,707509.641725
32.0,92,707965.100454
18.0,30,708191.856397
39.0,272,709605.737696
37.0,33,709811.685316
44.0,110,710298.710554
29.0,40,710546.054355
0.0,351,712359.150411
0.0,181,713345.352473
37.0,197,714151.646395
10.0,268,715992.106116
24.0,136,716627.396127
8.0,271,717964.271624
24.0,19,718052.090278
19.0,131,718770.607072
28.0,111,719397.921921
8.0,164,720429.801813
41.0,173,721388.473513
39.0,49,721747.662229
28.0,90,722274.804089
41.0,68,722741.227501
37.0,34,722912.226382
111.0,140,723818.006048
23.0,24,723966.579677
48.0,40,724146.218922
30.0,50,724432.358577
55.0,47,724697.889507
16.0,108,725260.968184
36.0,7,725310.168
50.0,7,725341.918699
18.0,56,725670.586111
36.0,16,725757.855478
8.0,58,726116.325798
30.0,59,726423.565414
87.0,67,726858.921277
30.0,33,727034.974321
41.0,150,727715.777346
6.0,213,728749.928988
47.0,65,729143.258855
37.0,93,729683.287131
43.0,48,729964.602805
6.0,138,730647.876814
2.0,221,732173.073247
25.0,30,732300.708721
36.0,520,734970.350692
160.0,33,735160.166986
14.0,308,737059.300819
1.0,385,739254.196213
147.0,169,740120.139133
34.0,58,740433.518103
44.0,57,740670.391893
24.0,107,741245.441955
0.0,1,741245.549006
4.0,51,741565.982748
36.0,154,742597.272067
6.0,257,744226.100284
31.0,70,744584.819694
0.0,1,744596.096666
58.0,80,744953.760739
51.0,151,745725.624007
32.0,77,746167.508481
39.0,102,746872.723451
60.0,74,747255.567171
55.0,29,747391.459316
90.0,28,747644.54151
34.0,52,747972.278254
46.0,46,748197.235018
38.0,230,749364.83426
10.0,224,750545.932447
52.0,45,750815.082803
37.0,81,751309.346586
14.0,176,752402.610564
0.0,22,752581.35091
115.0,107,753183.889467
31.0,36,753487.119949
31.0,123,754246.291425
41.0,66,754416.108771
40.0,86,754882.280257
29.0,8,754888.84509
51.0,91,755773.105295
118.0,52,756125.276912
40.0,18,756231.220569
28.0,67,756601.187317
17.0,120,757379.570714
22.0,275,758871.209769
16.0,142,759408.953737
183.0,46,759640.4925
2.0,134,760189.674853
8.0,145,761000.086732
38.0,86,761365.678706
45.0,16,761477.867237
33.0,151,762422.101484
28.0,59,762790.888278
14.0,150,763605.043728
61.0,27,763780.74025
43.0,129,764592.556576
6.0,477,767580.71389
4.0,128,768316.553697
28.0,28,768477.507181
37.0,140,769252.976749
26.0,110,769707.039954
32.0,55,770007.530586
35.0,70,770342.701565
32.0,99,770968.798102
16.0,116,771590.991523
38.0,55,771961.053332
37.0,145,773052.469458
49.0,41,773270.90234
38.0,83,773651.833813
41.0,92,774090.190577
49.0,225,775308.113851
46.0,28,775399.823097
31.0,34,775589.914389
6.0,298,777111.602518
48.0,85,777499.789142
67.0,167,778662.390801
46.0,76,779113.024376
32.0,39,779337.673347
34.0,47,779554.128933
60.0,112,780279.08118
0.0,1,780280.933927
96.0,35,780496.438876
11.0,171,781329.481361
36.0,67,781735.091159
31.0,51,782006.064938
76.0,43,782350.490348
41.0,112,782838.287903
47.0,55,783263.677988
49.0,102,783761.529914
32.0,102,784224.805326
45.0,31,784384.899253
22.0,61,784651.902596
179.0,82,785016.384931
37.0,40,785205.580047
33.0,27,785376.389742
182.0,94,785912.788417
27.0,199,786837.831069
12.0,182,787916.225692
38.0,190,788856.809652
8.0,112,789636.831156
51.0,83,790143.849703
33.0,191,791281.505096
37.0,38,791464.374608
41.0,184,792822.146155
34.0,82,793140.481127
10.0,171,794068.754091
43.0,39,794232.846427
10.0,42,794485.395847
33.0,60,794851.438366
129.0,23,795023.548978
41.0,126,795613.581164
16.0,136,796481.572667
48.0,45,796846.37585
32.0,172,798174.925978
64.0,131,798873.772561
36.0,112,799673.066711
17.0,38,799891.538949
39.0,302,801647.676985
47.0,59,802128.504835
35.0,39,802248.225282
56.0,96,802728.324367
94.0,42,803012.784586
8.0,1035,809071.830446
10.0,250,810528.707048
132.0,77,811217.054055
34.0,56,811552.187165
35.0,35,811773.668148
59.0,32,812079.906824
45.0,73,812514.90679
0.0,384,815324.998231
12.0,346,817239.635206
6.0,302,819012.55359
20.0,46,819359.650542
46.0,10,819442.237112
41.0,31,819630.293903
141.0,29,819870.146728
0.0,201,821146.283514
59.0,77,821656.370417
47.0,45,821895.227135
45.0,106,822416.466473
8.0,360,824736.195905
30.0,28,824856.619391
39.0,59,825241.071677
6.0,159,826187.35843
46.0,31,826341.570015
51.0,112,827291.686596
15.0,34,827400.057375
57.0,76,827750.357549
31.0,24,827863.329035
33.0,26,828110.535835
50.0,64,828462.785896
27.0,68,828804.575841
29.0,236,830373.142538
35.0,69,830650.111624
33.0,59,830972.363539
16.0,139,831804.458814
44.0,133,832414.870687
17.0,185,833401.00541
16.0,47,833751.229492
0.0,1,833751.436645
43.0,54,834109.926816
-2.0,132,834766.301207
49.0,127,835510.923934
42.0,64,835776.6287
46.0,10,835840.151954
51.0,258,837416.330863
47.0,287,839351.493932
44.0,36,839583.914133
28.0,35,839916.777793
47.0,89,840387.568038
28.0,44,840610.02915
21.0,146,841584.533137
38.0,17,841705.038722
53.0,23,841851.911074
43.0,131,842603.910495
142.0,76,843058.319749
47.0,27,843257.042135
36.0,409,846071.834713
50.0,13,846218.291368
42.0,17,846335.999733
45.0,68,846911.513123
31.0,13,847043.797809
16.0,18,847155.992725
18.0,52,847554.240236
30.0,97,848158.138266
6.0,25,848379.114518
14.0,60,848648.287184
8.0,73,848983.023492
41.0,29,849108.58173
28.0,196,850345.457245
42.0,63,850771.534345
47.0,195,851968.772874
43.0,179,853116.513264
45.0,114,853689.184771
28.0,260,855692.94925
1.0,96,856300.282701
0.0,1,856304.846244
23.0,377,858179.007229
55.0,57,858619.552245
23.0,72,858940.510479
0.0,55,859250.512221
73.0,116,859816.676876
66.0,40,860054.11067
42.0,32,860282.05649
23.0,4,860305.70832
6.0,111,860929.421896
47.0,57,861296.120123
55.0,23,861456.282702
83.0,156,862528.548726
40.0,15,862572.177091
56.0,66,863013.29258
123.0,31,863160.297771
42.0,57,863506.386937
34.0,211,865358.787913
38.0,142,866304.479554
38.0,99,867091.652326
53.0,125,867744.643206
18.0,153,868609.768549
135.0,238,869959.850765
14.0,62,870487.274037
33.0,33,870636.988662
32.0,93,871198.656235
42.0,79,871758.304122
26.0,24,871858.709913
2.0,288,873657.392867
0.0,1,873672.605495
35.0,54,874179.329213
29.0,30,874409.192704
39.0,21,874524.06168
25.0,75,875051.445726
26.0,45,875340.280957
42.0,25,875509.109967
31.0,164,876398.958789
49.0,73,876988.536476
46.0,66,877455.367082
0.0,1,877455.610202
160.0,17,877554.353067
33.0,42,877744.781924
25.0,54,878039.188113
15.0,8,878044.829614
26.0,84,878946.058148
40.0,77,879423.375391
53.0,36,879658.711442
25.0,47,880007.031232
17.0,53,880388.042394
8.0,180,881594.621105
28.0,28,881803.201081
37.0,33,881974.728451
0.0,38,882235.981694
23.0,73,882655.189833
69.0,10,882688.787
39.0,168,883546.73882
0.0,1,883562.822853
38.0,35,883802.305361
28.0,33,884020.65081
50.0,33,884215.93416
89.0,22,884373.750911
34.0,84,884743.35047
30.0,43,885075.745588
115.0,50,885461.323432
41.0,59,885851.807521
20.0,233,887271.778747
38.0,214,888323.718056
26.0,7,888333.951847
42.0,85,888815.027416
26.0,9,888895.436428
47.0,29,889101.551266
25.0,27,889261.480574
8.0,195,890584.18846
67.0,61,890960.670583
77.0,108,891877.591269
40.0,40,892147.619457
41.0,81,892543.552455
32.0,64,893024.28204
54.0,81,893542.617086
22.0,42,893834.008805
47.0,198,895444.210046
50.0,42,895686.028544
34.0,57,896095.380555
6.0,186,897438.295848
-6.0,307,899662.401731
35.0,72,899981.398639
19.0,58,900375.634848
26.0,784,905621.1306
117.0,2,905641.377348
35.0,65,905952.922633
51.0,133,906756.525502
0.0,1,906766.725915
119.0,31,906995.985903
27.0,25,907123.510157
36.0,14,907214.545232
39.0,8,907265.000724
65.0,64,907626.774436
32.0,82,908265.714166
33.0,40,908442.314099
31.0,114,909022.274431
18.0,172,910201.776872
-2.0,80,910947.514012
34.0,103,911618.235616
29.0,144,912426.464835
31.0,62,912817.198311
51.0,6,912882.408054
37.0,126,913560.685494
73.0,41,913777.685897
40.0,32,914053.075403
111.0,28,914288.825267
35.0,244,915602.420722
124.0,38,915997.646052
26.0,169,916927.433235
35.0,31,917150.520576
33.0,85,917611.645911
27.0,21,917705.613705
36.0,83,918532.566737
46.0,79,919017.176271
-6.0,69,919526.87061
10.0,366,921580.04801
6.0,201,923148.799852
21.0,38,923410.740289
34.0,83,923966.034845
33.0,42,924253.268454
26.0,69,924686.239532
34.0,94,925280.281969
34.0,4,925303.031065
205.0,122,926345.703806
26.0,75,926862.97085
42.0,176,928189.717804
58.0,475,931420.317929
49.0,46,931687.479988
0.0,1,931699.803762
36.0,108,932845.859485
40.0,118,933640.911721
43.0,37,933965.808252
42.0,68,934439.222725
41.0,12,934576.119021
46.0,128,935618.865253
44.0,45,936120.180917
28.0,60,936513.912452
33.0,56,936946.504678
38.0,90,937747.598196
11.0,96,938456.746984
0.0,263,940262.130121
59.0,75,940832.945119
35.0,34,940962.63509
46.0,95,941646.309537
40.0,47,941961.665336
18.0,37,942291.465203
6.0,137,943345.341927
8.0,74,944035.324188
42.0,54,944307.8283
87.0,31,944517.827726
41.0,108,945233.595027
29.0,36,945482.671934
29.0,39,945754.150587
44.0,94,946596.416065
20.0,134,947631.555506
37.0,48,948137.491727
23.0,67,948622.726461
41.0,39,948817.968373
30.0,57,949177.183682
36.0,53,949463.517341
37.0,19,949542.006194
16.0,103,949969.521913
37.0,52,950204.013713
46.0,50,950649.731454
24.0,45,951023.854789
39.0,32,951292.084422
19.0,41,951511.314054
53.0,43,951743.426908
49.0,65,952238.100929
29.0,147,953029.647543
32.0,61,953260.083482
18.0,240,954632.110901
51.0,50,954860.359535
51.0,71,955382.161979
30.0,123,956244.453017
56.0,167,957778.835676
50.0,131,958709.63893
12.0,131,959719.823784
68.0,52,959977.907826
22.0,60,960439.801996
39.0,90,961171.677254
43.0,42,961861.009419
267.0,61,962393.362551
42.0,92,963078.867678
35.0,3,963134.195443
65.0,150,964245.315692
42.0,59,964711.150556
24.0,52,965097.316737
43.0,5,965165.158071
84.0,42,965486.936202
50.0,50,965701.109055
4.0,120,966148.104933
18.0,43,966478.64381
21.0,5,966563.555096
21.0,43,966933.615679
39.0,69,967467.804757
38.0,29,967716.648561
26.0,42,967965.58828
48.0,45,968377.605975
35.0,87,968811.180246
27.0,34,969009.608203
51.0,154,969944.754169
26.0,49,970193.041846
71.0,77,970516.684972
76.0,55,970940.639025
24.0,42,971283.724142
42.0,70,971676.286652
39.0,75,972195.803663
21.0,202,973702.268992
47.0,26,973821.183676
33.0,280,975938.803519
22.0,43,976403.255999
60.0,72,977027.176677
64.0,136,978126.509965
41.0,11,978199.551361
21.0,83,978815.640012
50.0,65,979267.041883
12.0,425,982312.782286
53.0,81,982733.015867
62.0,61,983149.090953
42.0,254,984679.221637
41.0,177,986112.86616
23.0,11,986136.411047
54.0,285,988280.433555
34.0,19,988421.368186
57.0,88,988996.95665
47.0,82,989562.286162
67.0,55,989912.648976
37.0,26,990002.775671
41.0,64,990905.867539
44.0,160,992007.246027
38.0,88,992558.456461
37.0,39,992851.318141
55.0,261,994491.680373
42.0,138,995450.01264
8.0,661,1000891.531636
14.0,73,1001322.009929
24.0,36,1001586.538512
26.0,490,1005474.46003
21.0,232,1007285.910899
34.0,291,1009524.548436
39.0,31,1009727.514477
33.0,43,1009976.820134
20.0,169,1011156.163595
41.0,15,1011224.266658
69.0,33,1011528.849988
2.0,330,1013415.133599
61.0,40,1013651.55537
105.0,108,1014429.132217
31.0,53,1014899.667938
0.0,356,1017329.451441
37.0,55,1017690.587176
10.0,235,1019258.401149
42.0,36,1019567.149051
19.0,20,1019649.578717
0.0,1,1019653.308644
0.0,1,1019668.571829
33.0,61,1020026.407204
36.0,101,1021276.672213
33.0,5,1021357.382531
6.0,283,1023387.159836
41.0,23,1023515.414497
64.0,43,1023812.585667
31.0,46,1024213.852524
59.0,82,1024868.539172
46.0,24,1025080.494151
37.0,27,1025293.230094
33.0,7,1025311.788803
32.0,83,1025954.47034
37.0,174,1027015.973265
51.0,61,1027384.594982
35.0,20,1027529.710745
28.0,140,1028660.618755
33.0,43,1028976.452221
41.0,29,1029110.899136
-4.0,40,1029422.133881
55.0,93,1030163.010005
6.0,94,1030834.672967
41.0,134,1031992.383541
38.0,37,1032196.820857
18.0,90,1032996.485229
75.0,73,1033539.948083
45.0,114,1034414.930994
25.0,72,1035111.895194
33.0,65,1035657.66752
37.0,3,1035712.308557
29.0,78,1036860.611592
21.0,111,1037771.485181
25.0,73,1038255.913706
32.0,37,1038529.161428
31.0,70,1039144.190176
49.0,65,1039600.089906
237.0,95,1040435.713194
59.0,263,1042322.816329
12.0,382,1045368.276804
40.0,114,1046455.279721
38.0,30,1046595.386433
33.0,28,1046804.457005
14.0,527,1050816.753989
12.0,58,1051239.980823
46.0,167,1052768.45032
4.0,183,1054669.796743
36.0,2,1054683.441421
46.0,86,1055423.101052
80.0,37,1055807.526467
18.0,133,1056860.186735
141.0,12,1056958.938704
35.0,21,1057151.059829
28.0,35,1057457.975451
251.0,115,1058531.215893
32.0,28,1058723.026219
29.0,49,1059091.700713
42.0,83,1059944.807326
42.0,40,1060210.966946
22.0,61,1060615.875294
34.0,82,1061273.828433
28.0,65,1061791.621916
50.0,38,1062075.627078
25.0,33,1062339.301258
28.0,55,1062763.377843
41.0,42,1063095.566912
42.0,28,1063346.884756
21.0,45,1063694.491598
50.0,82,1064479.381594
25.0,235,1066495.47411
31.0,31,1066762.833714
41.0,142,1068010.409808
43.0,50,1068372.498626
36.0,62,1068799.682368
36.0,187,1070417.012665
49.0,76,1070987.667603
26.0,25,1071150.30548
32.0,93,1071696.386005
51.0,37,1072020.652279
38.0,53,1072261.741151
85.0,39,1072593.201764
25.0,102,1073376.983253
15.0,1,1073394.040946
72.0,131,1074304.34898
54.0,310,1076877.740766
37.0,30,1077082.235725
36.0,215,1078870.225612
8.0,244,1080716.877538
16.0,167,1081871.029742
36.0,131,1082887.50088
79.0,35,1083147.581716
30.0,39,1083392.70506
8.0,160,1084531.584931
1.0,155,1085515.01163
27.0,22,1086199.270283
54.0,42,1086461.842972
41.0,83,1087108.321372
53.0,23,1087549.770838
51.0,110,1088432.296807
41.0,72,1088921.85095
16.0,78,1089534.089092
40.0,29,1089835.650717
39.0,13,1089990.61236
39.0,67,1090531.088235
42.0,60,1091041.113491
39.0,56,1091572.584075
35.0,20,1091704.054647
25.0,57,1092130.455299
40.0,60,1092526.124455
49.0,111,1093267.459074
145.0,84,1093928.132987
40.0,106,1094783.166252
26.0,115,1095491.337476
36.0,46,1095921.359908
33.0,107,1096867.721264
7.0,275,1098815.021722
5.0,157,1100012.04179
142.0,54,1100517.923139
79.0,91,1101335.508096
2.0,204,1103323.832617
33.0,9,1103427.277309
76.0,17,1103556.364934
82.0,11,1103717.382945
43.0,36,1103999.550064
43.0,125,1105163.206312
144.0,103,1106092.635752
28.0,42,1106574.691283
10.0,152,1108240.378233
37.0,90,1108904.81516
6.0,169,1110063.846167
23.0,87,1110613.150726
40.0,40,1110952.171501
45.0,70,1111503.764263
42.0,57,1111959.627776
12.0,85,1112563.975232
50.0,1,1112588.717257
185.0,28,1112739.223641
35.0,48,1113238.042009
159.0,77,1113805.847876
76.0,58,1114398.563132
4.0,170,1115679.242536
62.0,146,1116773.055245
0.0,33,1116959.445912
16.0,137,1117962.176198
32.0,139,1118921.413171
25.0,286,1121831.108273
34.0,22,1122095.202094
-6.0,73,1122797.728983
30.0,34,1123067.506214
36.0,93,1123856.527402
67.0,64,1124456.070406
49.0,94,1125306.601296
47.0,50,1125708.912739
40.0,29,1126042.034018
22.0,80,1126754.070005
10.0,111,1127765.749189
21.0,197,1129444.085798
43.0,10,1129579.881552
121.0,26,1129841.067215
28.0,48,1130256.803739
20.0,125,1131440.761086
10.0,206,1133033.975468
14.0,84,1133680.469114
25.0,63,1134082.688885
6.0,124,1134947.682855
40.0,49,1135401.205488
82.0,4,1135461.895443
37.0,64,1136100.994699
47.0,10,1136224.544691
60.0,109,1137192.216016
38.0,38,1137857.837052
92.0,26,1138131.660099
117.0,135,1139515.02708
18.0,558,1144466.700113
32.0,11,1144592.665979
46.0,28,1144894.7968
29.0,108,1146210.741425
32.0,81,1147184.533173
4.0,99,1148139.339289
54.0,27,1148338.015349
48.0,101,1149377.938882
34.0,36,1149854.962843
45.0,35,1150275.797138
6.0,151,1151872.183153
137.0,191,1153691.841238
24.0,181,1155552.795505
48.0,26,1155838.00962
45.0,51,1156278.909209
60.0,71,1156924.692497
42.0,41,1157340.992894
54.0,51,1157789.565267
28.0,11,1157926.211123
38.0,19,1158595.059794
80.0,38,1158926.370777
43.0,79,1159894.560091
44.0,80,1160443.236586
25.0,16,1160533.150396
39.0,36,1160884.107734
67.0,24,1161097.968574
43.0,53,1161671.267689
29.0,2,1161698.503134
22.0,95,1162367.70133
34.0,49,1162812.540393
36.0,76,1163372.473109
48.0,99,1164425.083668
22.0,150,1165800.516198
46.0,43,1166179.146968
43.0,152,1167223.0199
50.0,53,1167690.010065
18.0,86,1168465.082438
30.0,24,1168610.46854
43.0,54,1169393.546007
41.0,10,1169459.56868
20.0,73,1170196.106558
37.0,18,1170392.767572
48.0,27,1170671.445569
63.0,51,1171206.350147
4.0,610,1176751.945051
38.0,36,1177122.504966
43.0,21,1177855.61637
36.0,25,1178089.744091
152.0,54,1178808.743855
47.0,80,1179614.060007
64.0,69,1180383.042108
45.0,52,1181169.925724
38.0,10,1181258.282898
32.0,59,1181737.596101
-6.0,81,1182574.538677
24.0,103,1183502.385838
35.0,36,1183922.025392
22.0,40,1184214.760188
76.0,33,1184459.702677
60.0,48,1184894.935447
43.0,95,1185868.0588
185.0,174,1187484.915625
59.0,26,1187598.15065
32.0,78,1188126.323886
28.0,56,1188472.757599
28.0,70,1189132.898229
24.0,70,1189894.256426
-12.0,139,1190968.703121
37.0,117,1191942.40046
34.0,34,1192277.115496
118.0,13,1192402.861778
26.0,51,1192859.683212
38.0,40,1193264.415204
35.0,24,1193502.846994
32.0,30,1193916.204888
4.0,121,1194891.755317
33.0,117,1195948.262549
24.0,60,1196662.321316
37.0,54,1197886.480539
14.0,64,1198437.674147
96.0,67,1200079.118929
114.0,69,1200657.775586
48.0,85,1201332.638024
54.0,66,1201826.262674
48.0,24,1202130.913303
18.0,83,1202835.581879
16.0,25,1202980.622838
45.0,48,1203285.608582
34.0,46,1203653.414379
33.0,23,1203832.426018
49.0,33,1204120.513628
0.0,1,1204120.889937
53.0,48,1204550.030636
0.0,1,1204579.741415
54.0,52,1205136.106122
33.0,4,1205161.086165
8.0,75,1205784.500433
36.0,89,1206444.873205
19.0,8,1206537.953555
12.0,89,1207322.662983
2.0,269,1210662.143121
25.0,3,1210677.704805
36.0,41,1210991.868846
46.0,29,1211280.673102
10.0,257,1213636.953759
97.0,113,1214447.962762
43.0,18,1214587.837081
59.0,115,1215478.753869
39.0,44,1215757.09542
46.0,62,1216372.907847
22.0,65,1216871.606865
37.0,49,1217773.796494
36.0,103,1218846.177305
57.0,98,1219648.959781
133.0,31,1219863.19798
106.0,59,1220399.832755
55.0,56,1220989.504061
35.0,9,1221054.829499
20.0,31,1221238.381425
50.0,18,1221382.321792
30.0,44,1221807.880718
19.0,54,1222174.570973
42.0,45,1222531.331897
42.0,28,1222756.150971
19.0,134,1223808.620368
37.0,26,1224000.399574
2.0,118,1224892.988225
125.0,26,1225147.175666
8.0,268,1227276.599304
48.0,30,1227398.177646
210.0,29,1227686.686802
84.0,17,1227843.606088
22.0,93,1228520.977009
39.0,78,1229025.266392
44.0,74,1229763.174506
41.0,106,1230742.547368
29.0,74,1231465.122427
60.0,42,1231945.485041
61.0,296,1234388.419351
121.0,625,1239986.340208
37.0,87,1240764.31379
41.0,33,1240999.5444
28.0,37,1241275.203439
32.0,102,1242263.266459
16.0,305,1244337.369831
30.0,99,1245114.112345
28.0,46,1245484.60584
23.0,32,1245716.559447
31.0,82,1246361.741183
45.0,102,1247068.062165
32.0,42,1247353.885407
0.0,1,1247378.505688
51.0,20,1247544.496654
37.0,63,1248119.877104
49.0,72,1248847.905071
100.0,48,1249213.988151
119.0,173,1250845.468157
63.0,205,1253121.947284
38.0,129,1254216.298254
143.0,44,1254476.685973
46.0,47,1254790.886527
52.0,56,1255175.098943
60.0,82,1255674.367425
28.0,104,1256513.102031
27.0,22,1256673.781451
31.0,56,1257088.777839
50.0,101,1257795.526456
27.0,24,1258030.177091
49.0,107,1258883.763799
50.0,17,1259056.437361
27.0,60,1259556.021791
54.0,55,1260103.207386
0.0,43,1260399.393902
12.0,468,1264071.004238
18.0,166,1265153.121754
20.0,114,1266052.721415
94.0,124,1267200.642839
4.0,119,1268368.593217
106.0,79,1269398.43636
10.0,75,1269992.455638
43.0,39,1270318.138818
55.0,110,1271296.298419
-1.0,124,1272213.645742
41.0,115,1273103.869084
21.0,5,1273132.605387
52.0,35,1273364.952058
31.0,110,1274315.320716
50.0,52,1274817.42928
35.0,55,1275208.781667
28.0,89,1275954.945318
39.0,19,1276104.51392
47.0,73,1276644.683637
121.0,78,1277146.081988
88.0,76,1277804.762389
206.0,53,1278272.157296
4.0,104,1279005.578689
42.0,69,1279574.927206
30.0,192,1281101.06347
150.0,25,1281323.514256
33.0,126,1282188.418058
46.0,35,1282521.902227
14.0,42,1282716.177042
39.0,17,1282887.042023
43.0,52,1283392.951502
52.0,127,1284166.270031
46.0,47,1284586.270443
124.0,8,1284654.097164
20.0,35,1285346.32553
27.0,69,1285912.989024
27.0,19,1286063.190439
45.0,23,1286238.706033
33.0,19,1286455.291093
122.0,11,1286578.675558
14.0,101,1287278.648921
36.0,44,1287741.160575
10.0,250,1289782.551912
2.0,149,1290858.222872
30.0,62,1291356.680833
42.0,76,1291976.087882
91.0,192,1294674.699928
25.0,49,1294978.685016
52.0,55,1295543.364284
103.0,9,1295646.862822
48.0,49,1296010.569646
18.0,108,1296723.06077
138.0,67,1297343.491691
180.0,40,1297801.293391
52.0,89,1298523.447994
27.0,29,1298850.316889
40.0,40,1299293.181758
21.0,111,1300382.159992
24.0,38,1300766.749475
44.0,31,1300986.975243
24.0,110,1301892.094991
32.0,94,1302545.051888
4.0,286,1305300.052986
36.0,38,1305506.451208
53.0,74,1306013.713282
44.0,29,1306295.223001
34.0,53,1306636.161231
44.0,47,1307118.553024
60.0,119,1308268.076155
25.0,391,1311584.914815
41.0,41,1311861.875428
305.0,26,1312042.278188
38.0,48,1312468.750266
31.0,25,1312635.703931
156.0,505,1316386.999576
31.0,34,1316753.150902
134.0,100,1317497.659455
17.0,35,1317807.027987
56.0,46,1318077.821631
10.0,60,1318714.534206
35.0,52,1319323.057023
44.0,62,1319798.523045
60.0,50,1320150.112319
38.0,59,1320965.744011
91.0,13,1321091.149713
48.0,171,1322658.494908
4.0,38,1322933.349538
110.0,78,1323522.679659
26.0,44,1323966.876049
10.0,61,1324451.868636
46.0,58,1325004.631336
37.0,36,1325415.89009
31.0,72,1326116.184303
27.0,77,1326784.915141
50.0,1,1326800.443763
29.0,67,1327393.005177
37.0,71,1328054.94053
67.0,42,1328558.841938
77.0,90,1329465.546164
14.0,274,1332167.980875
37.0,46,1332788.943456
51.0,45,1333196.107369
36.0,49,1333836.910007
0.0,1,1333857.156086
123.0,175,1335945.599928
5.0,126,1337175.372476
14.0,124,1338348.289146
53.0,29,1338515.978007
43.0,92,1339605.630612
45.0,69,1340257.31025
10.0,105,1341783.992249
4.0,110,1343009.912723
131.0,90,1343793.63213
66.0,61,1344507.249761
86.0,28,1344664.636435
38.0,55,1345404.647752
39.0,75,1346043.911748
38.0,50,1346495.044472
40.0,69,1347182.874377
45.0,178,1348821.802906
89.0,261,1351883.82988
21.0,54,1352372.269333
14.0,68,1352950.605687
69.0,107,1353998.630218
40.0,44,1354849.852806
42.0,19,1355026.186037
41.0,28,1355254.441689
51.0,195,1357058.334531
49.0,36,1357456.058264
29.0,55,1358097.350946
41.0,77,1358987.058847
44.0,179,1361829.24311
46.0,44,1362083.685335
48.0,89,1362887.298358
46.0,90,1364212.955674
46.0,38,1364643.213968
47.0,78,1365384.883856
38.0,36,1365700.008055
29.0,79,1366380.707751
23.0,7,1366491.661089
43.0,69,1367268.313266
39.0,69,1367922.53691
30.0,44,1368302.213756
4.0,118,1369355.365675
33.0,42,1369881.174875
34.0,11,1369937.823644
33.0,37,1370321.303913
25.0,52,1370880.662253
-2.0,58,1371583.274782
77.0,8,1371609.848753
34.0,40,1371991.034815
28.0,62,1372587.150077
73.0,27,1372915.216848
34.0,13,1372993.900279
27.0,114,1374010.209235
32.0,76,1374788.96743
48.0,19,1374993.269833
37.0,144,1376748.830551
57.0,98,1377851.965914
43.0,44,1378359.13398
38.0,25,1378760.306333
6.0,40,1379174.189072
53.0,131,1380550.749688
47.0,21,1380649.616562
6.0,114,1381848.657709
42.0,106,1382810.436069
59.0,49,1383313.041668
31.0,43,1383851.343961
23.0,20,1384069.448905
109.0,71,1385359.384578
13.0,5,1385390.152167
46.0,44,1385799.785648
6.0,296,1388980.041826
29.0,70,1389963.640989
31.0,48,1390568.120576
-2.0,77,1391131.837924
26.0,6,1391180.290391
26.0,41,1391555.783532
21.0,85,1392819.89292
34.0,124,1393816.40189
39.0,137,1395357.53601
109.0,42,1395826.767149
31.0,43,1396438.745324
45.0,4,1396465.679817
33.0,23,1396764.355431
30.0,37,1397123.463946
2.0,36,1397580.042817
33.0,174,1399630.443892
50.0,27,1400100.252812
22.0,37,1400659.289897
40.0,112,1402128.37582
60.0,117,1403551.102602
18.0,78,1406032.223472
43.0,25,1406285.995661
68.0,70,1406956.459987
70.0,41,1407444.454144
105.0,39,1407924.469629
52.0,136,1409556.248397
59.0,52,1410109.232275
174.0,29,1410851.146617
45.0,89,1411752.550186
-2.0,160,1413395.420379
57.0,42,1413955.573529
37.0,33,1414394.742279
47.0,17,1414701.958009
27.0,39,1415248.093316
45.0,326,1419021.566741
88.0,20,1419101.252716
42.0,74,1419772.634261
25.0,2,1419801.010116
37.0,4,1419815.445937
41.0,86,1420730.424574
0.0,1,1420730.941195
37.0,42,1421101.226607
136.0,21,1421364.477504
81.0,90,1422327.344849
54.0,98,1423369.65891
36.0,19,1423588.498912
56.0,60,1424423.236928
29.0,98,1425442.757728
15.0,146,1427118.941443
45.0,62,1427802.135615
47.0,98,1428934.999578
48.0,85,1429948.395148
10.0,56,1430535.098432
44.0,9,1430614.993826
161.0,53,1431184.549031
120.0,20,1431467.858163
91.0,27,1431805.21784
22.0,63,1432402.253957
48.0,23,1432637.805891
29.0,33,1433035.224506
33.0,44,1433876.328438
22.0,43,1434142.077548
56.0,97,1435242.419541
18.0,16,1435375.049961
92.0,11,1435498.623701
31.0,63,1436220.670779
63.0,171,1438090.325493
124.0,19,1438312.045434
42.0,108,1439569.426378
52.0,43,1440146.670093
29.0,45,1440537.360489
43.0,20,1440645.998743
24.0,107,1441756.796391
67.0,28,1442197.22306
51.0,103,1443451.979815
125.0,4,1443525.724832
14.0,102,1444870.999272
34.0,49,1445480.447157
44.0,41,1445889.081362
47.0,44,1446351.211857
4.0,248,1449244.027954
88.0,102,1450485.104102
54.0,221,1453079.359203
20.0,29,1453567.476348
60.0,96,1454883.231607
43.0,44,1455398.408477
23.0,53,1455953.136985
41.0,54,1456481.810867
41.0,68,1457178.867171
12.0,71,1459357.046065
10.0,120,1460573.63417
41.0,26,1460944.351033
46.0,79,1461951.527152
58.0,72,1462804.727271
19.0,17,1463001.159582
58.0,49,1463645.721371
154.0,10,1463733.542759
24.0,36,1464225.012274
23.0,60,1464925.74079
139.0,32,1465333.986184
55.0,27,1465608.597325
39.0,3,1465630.710061
49.0,72,1466379.763499
46.0,63,1467091.449729
14.0,229,1469821.268974
128.0,11,1469991.317156
21.0,33,1470392.944693
136.0,62,1471220.886272
41.0,26,1471546.713842
10.0,78,1472561.701154
7.0,38,1473106.202416
37.0,166,1475272.118842
25.0,106,1476648.679422
26.0,54,1477222.57953
-4.0,118,1478567.821376
25.0,82,1479524.434359
12.0,96,1480949.502835
36.0,73,1481696.367055
41.0,41,1482219.664932
37.0,2,1482238.619755
35.0,30,1482646.881007
45.0,79,1484343.59724
73.0,8,1484527.283081
20.0,12,1484710.811283
48.0,42,1485081.373973
25.0,68,1485772.137619
40.0,48,1486217.268456
102.0,8,1486318.254139
36.0,15,1486467.447925
47.0,30,1486862.661859
0.0,87,1487737.858337
225.0,31,1488027.148291
25.0,48,1488571.071574
33.0,19,1488666.680989
57.0,39,1489178.361976
43.0,20,1489412.541735
140.0,65,1490326.292977
22.0,23,1490608.325861
279.0,86,1491585.740907
150.0,33,1492030.878619
4.0,231,1494942.621126
2.0,42,1495427.900824
45.0,17,1495577.610225
46.0,24,1495868.139818
19.0,37,1496190.507994
17.0,37,1496559.755052
8.0,83,1497577.370478
53.0,50,1498049.857951
6.0,102,1499080.09308
58.0,110,1500500.637645
10.0,97,1501488.103266
40.0,98,1502623.194386
59.0,64,1503274.18846
32.0,13,1503384.21325
52.0,62,1504151.054789
46.0,49,1505189.630148
8.0,149,1506837.376069
29.0,16,1506956.472251
34.0,56,1507808.756843
37.0,18,1508024.80065
0.0,1,1508025.635028
9.0,75,1509766.317074
40.0,56,1510345.049259
62.0,73,1511276.772622
54.0,106,1512355.306836
42.0,32,1512776.670486
33.0,34,1513195.153649
107.0,133,1515648.60935
153.0,60,1516227.003584
4.0,94,1517370.217819
54.0,76,1518323.773335
49.0,207,1520410.705648
25.0,47,1520864.605716
35.0,30,1521155.825953
60.0,113,1522047.048999
52.0,71,1523091.579133
37.0,41,1523807.729731
69.0,65,1524491.084937
138.0,104,1525780.010345
12.0,43,1527524.761614
23.0,244,1530500.89178
37.0,74,1531269.944417
112.0,2,1531323.0825
44.0,42,1531782.319202
43.0,72,1532418.631828
0.0,1,1532419.959051
38.0,109,1533775.152304
45.0,85,1535365.122416
50.0,22,1535597.859069
48.0,29,1535890.046167
6.0,40,1536232.480987
46.0,45,1536851.905487
90.0,161,1538407.786619
12.0,131,1539877.12071
35.0,57,1540501.843108
36.0,46,1541047.503605
138.0,115,1542526.577641
31.0,27,1542847.768
24.0,36,1543299.926891
48.0,99,1544236.003557
140.0,188,1546403.632931
30.0,191,1548480.506639
56.0,118,1549892.240313
65.0,79,1550882.040478
39.0,54,1551525.051735
55.0,142,1553164.97866
41.0,31,1553463.853842
49.0,42,1553900.438559
167.0,29,1554296.876846
49.0,74,1555360.906935
41.0,70,1556209.832743
35.0,142,1557686.083195
